data_name:graph_crankseg
task_type:subgraph_count
task_name:triangle_count
x_name:epsilon
x_axis:[0.8, 1.0, 1.2, 1.4, 1.6, 1.8, 2]
epsilon:0.8
CDP L2Loss:[576, 216225, 14400, 555025, 7569, 474721, 25281, 65536, 26896, 5329, 9216, 90000, 11664, 40804, 43681, 11449, 8464, 192721, 169, 55696]
CDP RE:[3.2530410071165557e-07, 6.302766951288327e-06, 1.6265205035582779e-06, 1.0097981459590975e-05, 1.1792273650797515e-06, 9.338938557930445e-06, 2.155139667214718e-06, 3.469910407590993e-06, 2.22291135486298e-06, 9.894666396646191e-07, 1.3012164028466223e-06, 4.066301258895695e-06, 1.46386845320245e-06, 2.737976180989768e-06, 2.832856543697334e-06, 1.4503141156727978e-06, 1.246999052728013e-06, 5.950354175517367e-06, 1.762063878854801e-07, 3.1988236569979467e-06]
DDP L2Loss:[4204312395364, 13780243230625, 445994237584, 2621364997969, 28948392097641, 6758164524609, 22862790065025, 716359104400, 1321828485264, 165028500169, 8715980816656, 77176435840144, 14932173023089, 1149549025, 7709057757361, 42493514877025, 579387380625, 18944787258721, 548873539600, 37726743684100, 1330799881609, 41854805481841, 6637888488100, 720485206596, 20704638555225, 5420049610000, 4385933324644, 56986646102500, 9820439202564, 20775591900625, 72064865601, 18506558705625, 19823616426384, 284566768704, 8687255182225, 1367302246489, 233172900, 9421762721121, 1890025547524, 22136366304900, 59587251025, 3640154910561, 8407488787489, 22104309116484, 73383243225604, 1824998355625, 3403940130529, 3712974440464, 8452724725449, 4117461897409, 56918484380356, 184144832641, 12073609584100, 17625042771961, 21549296662884, 19050894161289, 4466391931456, 24593833253089, 1484396216164, 12396243888900, 2020346689321, 75672044265024, 1861650122929, 781226176900, 14133110916409, 22676920196841, 5161865856676, 6840113160321, 51718779746929, 14546092556356, 7052413187044, 1642634412409, 96299123041, 2184090869689, 8287287925225, 13546278997729, 30309054793956, 1139396130625, 38497867762225, 602045639056, 79295744025, 29320124017636, 97480019000809, 1750786787929, 417666205441, 12975405375321, 6763224384400, 1063049667849, 29153088409600, 903843799849, 2357207502400, 4321471804225, 41999835409984, 17931845629201, 3619749774096, 6075140448400, 4647227882049, 16442546513481, 22197233423236, 88569631388736]
DDP RE:[0.027792382952975352, 0.05031607291913709, 0.009051966123752647, 0.021945326383771467, 0.07292736456875296, 0.03523649289594805, 0.0648101326697202, 0.011472120198347127, 0.015583530292541505, 0.005506273415033368, 0.040016253819392056, 0.11907501785004596, 0.052376901505820486, 0.0004595598139428618, 0.03763387568349272, 0.0883567278262322, 0.010317222869133101, 0.058996080912401015, 0.010041866502218215, 0.08325358751800575, 0.0156363244372195, 0.08769017972387402, 0.03492153075477152, 0.011505111455894302, 0.0616754210292375, 0.031555853202783556, 0.02838633402352472, 0.10232101629446885, 0.04247601366824818, 0.0617810093185935, 0.0036386483554976348, 0.05830974347724954, 0.06034895289557314, 0.007230534246517969, 0.03995025774996018, 0.015849317297160458, 0.00020697473407779086, 0.041604889949554955, 0.01863425925769047, 0.06377220927338707, 0.0033086815626757787, 0.025860578105236717, 0.039301709807841374, 0.06372601609108601, 0.11611190412268865, 0.018310893427245557, 0.02500744099244534, 0.026117961420587286, 0.03940729809719737, 0.027503824661306586, 0.10225980490618494, 0.005816450875061932, 0.0470973921576582, 0.056904077349399416, 0.06292088844182467, 0.05916106430881194, 0.02864552006576673, 0.06721890110078976, 0.016514035563952135, 0.04772251820452576, 0.019265986266934976, 0.11790874843164455, 0.018493849875220802, 0.011980272312333793, 0.050956217171987506, 0.06454614839199269, 0.03079510245459429, 0.035449485755889014, 0.09747706202848441, 0.05169534875181698, 0.03599541380857082, 0.01737195735789148, 0.004206195576539237, 0.02003150814193468, 0.03901975247854955, 0.04988710524499865, 0.07462158898827186, 0.014468238737589123, 0.08410012366842019, 0.010517027358657706, 0.003816833676662444, 0.07339410818158654, 0.13382464463475066, 0.017934733452122643, 0.008759775269625932, 0.04882460783472426, 0.03524968126636441, 0.013975104829585312, 0.07318474788410353, 0.012886203569803164, 0.020810245496025795, 0.02817696017170418, 0.0878419747498686, 0.05739721125740323, 0.025787994627765428, 0.033408460056336436, 0.029219668249185274, 0.05496203897682589, 0.06385982451117875, 0.12756182231616223]
DDP_noAm L2Loss:[199234862343364, 31729900384900, 1400523132969, 425176976832400, 1926344133184, 2000742573174921, 79990413637696, 324013932149769, 88764718779009, 660619456225, 142866439655625, 8055487091961, 476855791872784, 318776814079684, 235675982434564, 466703607848976, 249917872881681, 61987498689796, 577783137894400, 154500450092041, 51858937729225, 140793816041649, 3415340779800889, 4662851740895929, 247154620207104, 923351476116601, 3928030669476, 98176113124996, 215479558525284, 8450672256016, 214622763700081, 350087151099456, 163852109023729, 6888588150544, 35938301476, 130572695239281, 487519731862801, 121178749966884, 24811626190129, 18152201091600, 11580436224016, 28426843612489, 28426843612489, 258319759484241, 8564279337441, 4854962785618969, 424775480046724, 313157756025, 95493137099481, 123765046500676, 19161560721664, 21622927802116, 2474152827136, 73853415627601, 17363069361, 35685665167504, 113070787600, 405335111980096, 58064933401225, 74692633400100, 463736369942521, 118407738667024, 109483430145489, 36976882663044, 821575136049424, 34531736129641, 346475784099600, 699196445636329, 14235793111225, 21442187786041, 241674198423876, 529255238780304, 5577603273025, 341059452162025, 171655066958400, 68262296410000, 5379195649, 46533489830116, 44683850421604, 445344010281, 218366230928400, 10927169863129, 57768497112481, 9742095440289, 5212874381584, 738352799331904, 7727249122849, 209535815523904, 108466913415025, 63530320889281, 52139808224100, 2146834483264, 172437710454916, 519859881790096, 109266776955625, 15283119065769, 282963165037081, 39017550438409, 688967530772481, 1117179151092900]
DDP_noAm RE:[0.19132026038261915, 0.07635063450090442, 0.016040704543079147, 0.2794880000806754, 0.01881244457885528, 0.6062809227809255, 0.12122641652010249, 0.24398332106236567, 0.12770223169863187, 0.011016762229038458, 0.162010591332237, 0.03847017830907227, 0.29598644815646846, 0.242003506751097, 0.2080826927361397, 0.2928187452584386, 0.21427768914972978, 0.10671619999918402, 0.32580723772075626, 0.16847798926716048, 0.09760905416734816, 0.1608311199890817, 0.792127914560396, 0.9255589818962981, 0.21308980056296856, 0.4118715746579485, 0.026863693962793696, 0.1343016082180816, 0.19896712966069793, 0.0394025134160494, 0.1985711667984442, 0.2536100046517131, 0.17350193158120117, 0.03557487693237583, 0.002569549982846308, 0.1548832598116698, 0.29927772594975616, 0.14920780115559132, 0.06751587663606445, 0.05774879721858488, 0.04612546483075695, 0.07226743098310925, 0.07226743098310925, 0.21784977215361928, 0.03966648413943938, 0.9444332071456136, 0.27935600794181165, 0.0075850750532810846, 0.13245378604567667, 0.15079165260460625, 0.05933264866759981, 0.06302829301240963, 0.021320213891241432, 0.1164832794166636, 0.001786041501944756, 0.08097019670908547, 0.004557781537720888, 0.2728886100068882, 0.10328452637776418, 0.11714322655664484, 0.29188641015146144, 0.14749195756771263, 0.14182490260090252, 0.08242205601923665, 0.38850976578497826, 0.0796503159834605, 0.2522985411696941, 0.3584081710100886, 0.05114098990119172, 0.06276432228901965, 0.21071402338944617, 0.3118249626466178, 0.03201121117209223, 0.2503187268584254, 0.17758513509899634, 0.1119872921037404, 0.0009941157774372897, 0.09246153695804964, 0.09060529754203882, 0.009045365161375706, 0.2002954276299288, 0.044805584105131996, 0.10302054210003668, 0.04230624559068929, 0.030946883926251337, 0.36830724256643194, 0.0376782525845648, 0.1962038068685277, 0.1411649690152588, 0.10803608072480898, 0.09787302489073815, 0.01985992378314681, 0.17798951520485598, 0.3090448053672357, 0.1416845067727704, 0.052988825627934166, 0.2280044107440842, 0.08466585460823281, 0.35577684035678214, 0.4530432950887308]
DDP_1 L2Loss:[115472776422276, 99713545434889, 229420400356900, 108061638372900, 1665521883601, 51578825785600, 3964248245764, 2855410521616, 15359344810000, 1469014296841, 35693084948161, 81741724278769, 159395548788025, 50318877216400, 281675097346041, 147560031310041, 29998920174129, 111736485020304, 70544007306304, 117997773331684, 60463641050569, 1332233042176, 5904209900164, 95671403942976, 13443530237764, 11452471222500, 293877374693904, 131032389575844, 1893033081, 111325120349184, 58650539156496, 136878206654016, 46791072160000, 41614033399236, 99920515800625, 18564094280449, 67460120254921, 432841159377225, 28013012023824, 17250939230625, 49905281110689, 2723239250176, 10390744225, 9556747777201, 115472776422276, 28628246188369, 26822041, 187502856256, 182802297793600, 125941139522500, 204375616, 35337496366225, 233271249168400, 15594079736356, 97983252025201, 21532467615481, 307042246709641, 82624482219601, 301627937418721, 2008288613881, 24908733448225, 367049999785401, 24322828785124, 178613522141769, 5809946206689, 36174138025, 28843709561956, 37818158224609, 13438976778241, 158152908684996, 54404962944784, 94165578171025, 44952921633636, 24908733448225, 94721303205169, 24999810000361, 133721239164100, 864224951769, 11060440124176, 46533489830116, 104647355413441, 12609942436, 8851624628224, 206428418258689, 382730297104, 53840990120164, 32620683948304, 17331926164569, 21436437002500, 302283184281849, 564779312587396, 114623874712516, 177833533259776, 629339169481, 692656707600, 29362320527401, 1893033081, 382531558195396, 133271185730596, 57472834615056]
DDP_1 RE:[0.14565255263891363, 0.13534910097671066, 0.20530253545675767, 0.14090099829186883, 0.017492563853230326, 0.09734508344395819, 0.026987255303714007, 0.022904065340256366, 0.05312080421246039, 0.016428250161726967, 0.08097861395269138, 0.12254629724572744, 0.17112615440767878, 0.09614877761359107, 0.22748487298657263, 0.16465035278348691, 0.074238828050772, 0.14327677546539122, 0.11384353151975123, 0.14723640408792857, 0.10539631927355908, 0.015644741680825414, 0.03293511548112592, 0.13257736094093453, 0.049697547834646465, 0.04586991135097288, 0.23236000222887526, 0.1551556613330032, 0.0005897356715776426, 0.14301279118766372, 0.10380405058093822, 0.15857891771081714, 0.0927170904378337, 0.08743759464400895, 0.1354894968048428, 0.058400313560622676, 0.11132734496375916, 0.28199575583872405, 0.07173947598199176, 0.05629692435409617, 0.09575281475133735, 0.022367693095532964, 0.001381661396085109, 0.04190186548482964, 0.14565255263891363, 0.07252298446289332, 7.019791406606934e-05, 0.005869245019739927, 0.18326060730941235, 0.15211151977589366, 0.0001937728093239095, 0.08057423384683172, 0.20701837904463635, 0.05352518431832004, 0.13416962963355536, 0.0628963144278834, 0.2375075194381738, 0.12320623083137115, 0.2354041302316473, 0.019208407441109014, 0.0676478687749282, 0.25968143972438285, 0.06684752580681483, 0.18114880085927995, 0.032671144757735936, 0.0025779672264522224, 0.07279538598422673, 0.08335439112621378, 0.04968913059104055, 0.17045780357842916, 0.09997641409726465, 0.13152986818230547, 0.0908776855090347, 0.0676478687749282, 0.1319174138009533, 0.06777143011584852, 0.15673951278201814, 0.01260061367805339, 0.04507798562646542, 0.09246153695804964, 0.13865719970287266, 0.0015220707785547772, 0.04032643127942062, 0.19474353031477062, 0.008385418021394465, 0.09945687633975307, 0.07741494819240778, 0.056428916492959925, 0.06275590504541374, 0.23565968371143134, 0.3221199970652148, 0.14511618039419022, 0.1807528379970262, 0.010752777951310948, 0.011280732952428436, 0.07344690232626454, 0.0005897356715776426, 0.26510134490067727, 0.15647552850429064, 0.10275657137664669]
shuffle L2Loss:[1.692003442116547e+16, 3688989390619911.5, 2.613597898126511e+16, 18851732692979.453, 3.811588267259129e+16, 5.649096160626167e+16, 1.0578262609999048e+16, 3.9626663492575656e+16, 177394528799676.53, 4.323684474732377e+16, 1.7047377699014786e+16, 350912174296802.1, 2.45342836265295e+16, 1067527725586.9626, 4027148294311096.5, 970641430745593.6, 2.122307657277851e+16, 2683835223080345.5, 837686642012623.8, 5917567644477547.0]
shuffle RE:[1.763108005296604, 0.8232504927603074, 2.1912790283202015, 0.05885101164869841, 2.6462525342860928, 3.221571539983931, 1.3940728472627566, 2.6981870259444243, 0.1805295945701244, 2.8184172801222367, 1.76973030536725, 0.25390866030051196, 2.1230732921601754, 0.014004508704716378, 0.8601557707124893, 0.422286996710222, 1.9746151589276795, 0.7021925547615021, 0.3923007074261863, 1.0426772834488287]
ARR L2Loss:[9.777372069959917e+23, 2.3120189085505006e+24, 3.057196799827378e+24, 3.1929666353873847e+24, 3.90174053157861e+24, 4.799684878159159e+23, 1.5001432267334906e+24, 1.6461563507409522e+24, 5.576900130486766e+22, 1.998015193127686e+22, 8.85113791804195e+23, 5.339161810112621e+23, 1.176856555397865e+22, 5.299518728075115e+23, 3.0741330536165387e+22, 8.972902394339826e+23, 8.450922990334478e+23, 2.9820901335531505e+22, 4.756603221097521e+23, 1.5566688336385957e+24]
ARR RE:[13402.609599277483, 20609.809949787534, 23699.544245300025, 24220.075156094594, 26773.644269326844, 9390.412248457478, 16601.39790579464, 17390.570812561855, 3200.9193356141345, 1915.9214046671284, 12751.986673876072, 9904.095917510185, 1470.415464671733, 9867.258635453358, 2376.509892882062, 12839.401150026142, 12460.353640356518, 2340.6618631488104, 9348.173388885909, 16911.27732166742]
epsilon:1.0
CDP L2Loss:[87616, 9409, 309136, 196, 1369, 90000, 26896, 3136, 239121, 7744, 4356, 1225, 3249, 100, 819025, 40401, 16384, 400, 11449, 521284]
CDP RE:[4.0120839087770856e-06, 1.3147707403762747e-06, 7.536211666486688e-06, 1.8976072541513242e-07, 5.015104885971357e-07, 4.066301258895695e-06, 2.22291135486298e-06, 7.590429016605297e-07, 6.628071051999983e-06, 1.1927817026094037e-06, 8.945862769570528e-07, 4.7440181353783106e-07, 7.72597239190182e-07, 1.3554337529652315e-07, 1.2266675464335346e-05, 2.7244218434601153e-06, 1.7349552037954964e-06, 2.710867505930463e-07, 1.4503141156727978e-06, 9.786231696408972e-06]
DDP L2Loss:[12842461315044, 669573975625, 5832794953924, 1981776955536, 6494974578576, 54763020225, 24549061999401, 4886871733129, 14740388100, 13863506497129, 4305293006400, 10860564118369, 1192252161409, 69834251042721, 6099828067089, 1443164937124, 3899132042884, 111025572025, 4054476226329, 1410913976761, 3564381633849, 19435330736704, 5648484235716, 145099284561, 56656331161600, 3897212946496, 12235626218916, 84874916889, 2632415390784, 20855561770521, 118613426409, 263667872196, 3368597719876, 10503251320384, 4064288256064, 36494550909184, 24742436827329, 21650111209024, 58404872241, 5896466053696, 122766144400, 2417804195041, 13958936379556, 2212968636025, 4490555142649, 278225655841, 1194087264049, 28685589827449, 12919344733801, 204375616, 142615746025, 3556528287376, 304499794225, 547431292996, 9550726680625, 1358208438084, 71035583484121, 7021413542025, 54245670649, 5144790213369, 3085288737001, 26478166741636, 2639172449809, 15109546410000, 1160277974244, 6609629646400, 5273076357124, 1389854724241, 605070846769, 7364227391521, 38359021093156, 778645643281, 1364714604100, 3727482787561, 2646653937316, 16693344891001, 15191885996329, 365885863225, 7778766433936, 16023832868484, 3933288495504, 7474898168676, 22904714376769, 829523851524, 499345742736, 118035534969, 3701206517904, 101815237225, 158760011809, 45345147136, 1246795560000, 10889465406561, 7850290574569, 45437346562729, 14067292908321, 1714895011600, 42816096646801, 9999072461161, 33233783765625, 14410018378809]
DDP RE:[0.04857383903608817, 0.011091175542076248, 0.03273532454593884, 0.019081199983393225, 0.034543554498419636, 0.0031719182970015867, 0.06715768971250585, 0.02996358451016271, 0.0016456321194750878, 0.05046785439079413, 0.028124166027026182, 0.04466882083945781, 0.014800021811639953, 0.11326938333633269, 0.033476272406997284, 0.01628306965244686, 0.026764693081477116, 0.0045163730365678, 0.027292648082594604, 0.016100099650134085, 0.025590006419469798, 0.059755001825023774, 0.03221397050719829, 0.005163104697457631, 0.10202404075919416, 0.026758105673437706, 0.0474123407444972, 0.003948825815526198, 0.02199153312041005, 0.06189979953270337, 0.004668154508224847, 0.006959962560751049, 0.02487727868914809, 0.04392787297839936, 0.027325652894479305, 0.08188272892893178, 0.06742167399023337, 0.06306789878667128, 0.003275690305128605, 0.03291350986710365, 0.004749168783639578, 0.021076032500644746, 0.050641255030810975, 0.020163500280798434, 0.028722901778723515, 0.007149519971103237, 0.014811407455164861, 0.07259558149470213, 0.048719019545368274, 0.0001937728093239095, 0.005118727796385549, 0.025561799843070592, 0.007479486763925093, 0.010028664577464333, 0.041888663560075756, 0.01579652315248246, 0.11423949438200495, 0.03591621581438506, 0.003156900091018732, 0.03074412459114527, 0.023808180316496765, 0.06974647330030674, 0.02201973969680926, 0.05268706541151152, 0.014600217322115349, 0.03484711744173373, 0.03112506924741615, 0.015979493154795237, 0.010543417653827939, 0.03678255485193031, 0.08394832864242562, 0.01196046942520297, 0.01583431264551513, 0.026168939284036307, 0.02205092822746499, 0.05537962100743942, 0.05283042963956265, 0.00819881545662374, 0.037803643761051615, 0.05425771493577257, 0.026881667014358016, 0.037057911218845205, 0.06486952777677513, 0.012345046643931795, 0.009578091289303632, 0.004656768864699939, 0.026076539365096667, 0.0043249857906491095, 0.005400685125677376, 0.0028863148509142827, 0.015134773285609776, 0.04472821594651274, 0.03797704440106846, 0.09136603473589054, 0.05083742695787763, 0.017749947168580894, 0.08869146574586449, 0.04286059088697701, 0.0781390615662544, 0.05145298364244926]
DDP_noAm L2Loss:[141025006406025, 806019241068484, 458434618084, 1077864974369316, 17652543429049, 726510750736, 267775194090244, 40243532000841, 650167943588881, 80164696668676, 38058066250884, 582503872603689, 40251411360000, 70861074081604, 451653752109609, 87302898334404, 1613042149988416, 180456826630084, 222395361881476, 135514510744900, 40988228862025, 93976699328964, 26188335442116, 64142799566400, 306360084891025, 395954719729321, 102861989568100, 21077271818001, 155971823921424, 896875696181689, 18901260563364, 1218314067774736, 880041356271081, 60151518459081, 8055487091961, 878345782336201, 47862902563204, 596690395999009, 94153526319076, 261671125444, 66981096903204, 14461812631161, 52130840388561, 14089212673600, 104634650475664, 2535798271561, 103257423572356, 9440526631936, 99337341443344, 129019565907684, 23377824543844, 392499217197649, 27595700491921, 96626226258496, 22353492290704, 223267517895321, 28732548075625, 29998920174129, 21442187786041, 50457112402489, 257049329086564, 135075904750656, 425954864478276, 90041993990116, 121178749966884, 177850096242025, 1832864090289444, 374574335489929, 230897689121124, 26588512524025, 17250939230625, 291877611749476, 1516602102016, 18564094280449, 301289784005401, 17904128180929, 288250174996624, 136210000177216, 271292292728209, 195932385832225, 223286076417600, 138248729758084, 54404962944784, 325417715478244, 764007025018329, 273220370125641, 3054109255201, 7094562527844, 11056309960609, 531918251602609, 13586721324289, 315632958987844, 26884193890009, 155243002719025, 137120704121025, 4863220183441, 10931275837504, 125722690287769, 20638231156624, 7676651038329]
DDP_noAm RE:[0.16096311212794545, 0.3848141214401684, 0.009177343745901931, 0.44500047650273583, 0.0569484542504715, 0.01155312091942433, 0.2218009835325507, 0.08598572177952024, 0.34561379807704884, 0.12135840865896624, 0.08361836184960375, 0.3271355221356496, 0.08599413902312615, 0.11409908499953529, 0.28805877366778787, 0.12664633525073443, 0.5443787376848169, 0.18208113596625708, 0.2021348325587278, 0.1577869919863097, 0.08677764750402771, 0.13139788959777923, 0.06936369880846936, 0.10855560492798302, 0.23724353516044627, 0.2697124898652524, 0.13746931111611146, 0.06222795004429625, 0.16927833223527386, 0.4059237144805366, 0.05892826856174016, 0.473105422479145, 0.40209607799686303, 0.10512393130656318, 0.03847017830907227, 0.4017085323782152, 0.09377300044006867, 0.33109515075818696, 0.13152145093869955, 0.006933558711243287, 0.11093138210150542, 0.05154537000705137, 0.09786460764713223, 0.05087701917780175, 0.13864878245926673, 0.02158418461463141, 0.13773329539383897, 0.041646298450708046, 0.13509353394258905, 0.15395935550263612, 0.06553606232479578, 0.2685330185220971, 0.07120311729160589, 0.13323729452657823, 0.06408420301464461, 0.2025307954209815, 0.07265497660175707, 0.074238828050772, 0.06276432228901965, 0.0962807561981173, 0.2173134134632334, 0.15753143850652562, 0.2797435535604595, 0.12861773231839718, 0.14920780115559132, 0.1807612552406321, 0.5802877832546488, 0.26232960486490114, 0.20596246904240137, 0.06989165380958685, 0.05629692435409617, 0.2315680765043678, 0.016692220885116946, 0.058400313560622676, 0.23527213809278352, 0.057352834356331144, 0.230124620883485, 0.15819137209216932, 0.2232528563970394, 0.18972799168999832, 0.20253921266458744, 0.15937084343532462, 0.09997641409726465, 0.24451127606348316, 0.37465106560609757, 0.22404478212154688, 0.023687573821157916, 0.036102818379155785, 0.045069568382859505, 0.3126084711275193, 0.04996151855803644, 0.24080720092072988, 0.07027919942823467, 0.16888236937302012, 0.15871932709328682, 0.029890987478353892, 0.04481400134873791, 0.15197954119136745, 0.06157643370225845, 0.03755469124364449]
DDP_1 L2Loss:[6485731824100, 73853415627601, 4952258284689, 18732293798724, 171015331600, 188373730954761, 1589407354089, 793321550596, 176553856045449, 178369914470400, 57325280251716, 184138087923001, 25006020362404, 45863193984169, 177590458258249, 11713362505441, 15287974880256, 776069378704, 208391744208400, 98743531772484, 1140480441, 45731392725001, 46127351890944, 164834862472809, 52130840388561, 4995694361025, 19241452434064, 184650131491609, 133256848078249, 17084408622241, 46268169889041, 97201399291929, 292411644001, 2008288613881, 36976882663044, 6885328768081, 351569550035344, 6383778304996, 188373730954761, 9620896487049, 2822594883364, 151145263633225, 2177297971489, 12878344226881, 30319780195600, 325395311006089, 28933669801, 15980989650129, 21346358924944, 148184962704, 5620744797721, 41363137490724, 94153526319076, 131032389575844, 373444416584100, 127255907162176, 232637405625, 33855710296356, 16215408170896, 103653595843681, 23940147479689, 4323496807204, 198136816427664, 3964248245764, 80164696668676, 7948819003225, 26822041, 332837296581241, 91154221590784, 645882254224, 465415470780100, 31075094846016, 15517273004809, 108453978687376, 99725948018944, 3159275179225, 161368673391409, 167360820113601, 40871586961921, 4737931469041, 7039491465616, 55705489159321, 3662484992644, 124850722490244, 115668777423364, 131241173250916, 4361493919561, 6188467201569, 8278107208900, 2835243009, 22353492290704, 184914877952281, 104249286744516, 7839384012100, 236255221395216, 41991786731449, 20775364, 599780547025, 67150764426249, 9022574137600]
DDP_1 RE:[0.03451896693014085, 0.1164832794166636, 0.030163375445349784, 0.05866428428401266, 0.0056052607420124185, 0.1860323473451885, 0.01708818374737068, 0.012072658676935903, 0.1801013216549884, 0.1810252259640221, 0.10262457923778294, 0.18392895813866197, 0.06777984735945443, 0.09179318612880001, 0.18062926310176836, 0.04638943555414693, 0.05299724287154008, 0.011940666538072148, 0.19566743462380431, 0.13468915383672941, 0.00045774353271388834, 0.09166119398993626, 0.09205715685218999, 0.17402146933871274, 0.09786460764713223, 0.03029536758421354, 0.05945621000852012, 0.18418451161844604, 0.15646711126068474, 0.056024536387100275, 0.09219756623465966, 0.13363325738883197, 0.007329521573497019, 0.019208407441109014, 0.08242205601923665, 0.03556645968876991, 0.2541463768964365, 0.03424657896314496, 0.1860323473451885, 0.04204226131296178, 0.02277207320139261, 0.16663858433836148, 0.020000333165616477, 0.048641651386749016, 0.07463479091302573, 0.24450285881987724, 0.002305579259456329, 0.05418513145830128, 0.06262391290654999, 0.005217715123364599, 0.032134772513012534, 0.08717361036628143, 0.13152145093869955, 0.1551556613330032, 0.2619336420026474, 0.15290344550040114, 0.006537595848989553, 0.07886680750255896, 0.05458109432055502, 0.13799726611722896, 0.06631957080569734, 0.02818356113408112, 0.1907923189358392, 0.026987255303714007, 0.12135840865896624, 0.0382146248292882, 7.019791406606934e-05, 0.2472830160992593, 0.12940965804290466, 0.010893187333780618, 0.29241436515257896, 0.07555870877639695, 0.053393205733793817, 0.1411565517716529, 0.13535751822031658, 0.024091953927017563, 0.17218206440991374, 0.1753497673079436, 0.0866540861631074, 0.029503441859706072, 0.035962422551023644, 0.10116430268402585, 0.025939776099422475, 0.15145158619024995, 0.14577611397983395, 0.15527922267392352, 0.02830713602933896, 0.03371862396202747, 0.03899813331018975, 0.0007217278104413969, 0.06408420301464461, 0.1843165037573098, 0.13839322897948267, 0.03795065410589822, 0.20833824621592376, 0.08783355750626268, 6.178067046015526e-05, 0.010497224471526885, 0.1110717914839751, 0.04071397689806844]
shuffle L2Loss:[1416587846165470.0, 3115630654628358.0, 7634121517134275.0, 2089927912868470.2, 2069312932607262.8, 30552695653200.023, 3861070205555362.0, 644202172192705.5, 613800760772705.1, 7220013708521779.0, 43945884183300.164, 328938164435461.44, 1.0231117323712718e+16, 4.747764349756198e+16, 51487538856355.3, 6292662328960.432, 2269640440646042.5, 11407098933902.277, 48965829549979.3, 53287414389556.82]
shuffle RE:[0.5101525383696154, 0.7565737697593511, 1.184289368342995, 0.6196464264490084, 0.6165827667714815, 0.07492091335430288, 0.8422327899604742, 0.34402451294549613, 0.33580874943757955, 1.151721057416081, 0.08985399677683811, 0.24583030984094875, 1.3710074940032564, 2.9534041021535176, 0.09725890206072389, 0.03400129905694876, 0.645738717479121, 0.04577895769342469, 0.09484727423701109, 0.09894426351017527]
ARR L2Loss:[4.65387229340134e+22, 7.661633415602973e+20, 2.074312882445867e+21, 3.325524217247632e+23, 4.058350395343478e+23, 2.7490425789067905e+23, 4.0375133076501514e+23, 7.244028947211182e+23, 6.130249404731079e+22, 1.3620334958437787e+23, 1.1358257390676746e+21, 7.0091196501634476e+22, 7.928803853787043e+22, 1.2042073245346525e+23, 1.3346013814933248e+23, 3.8219852830433596e+23, 8.567205593503973e+23, 6.554724482046857e+22, 1.5017427869882864e+21, 6.056322101084734e+21]
ARR RE:[2924.0549315697717, 375.1793965250578, 617.3272223005065, 7816.428393054616, 8634.81558544754, 7106.717130081799, 8612.619873321752, 11536.348968930606, 3355.96457732032, 5002.328293609776, 456.8084714579942, 3588.475893471918, 3816.648223599021, 4703.584260773085, 4951.697221308388, 8379.590610204437, 12545.786447811995, 3470.208082502467, 525.262109562353, 1054.830742502106]
epsilon:1.2
CDP L2Loss:[276676, 10609, 5929, 53361, 176400, 52900, 71289, 2116, 21904, 37636, 5329, 810000, 9409, 529, 33124, 448900, 784, 73441, 18225, 7744]
CDP RE:[7.129581540597118e-06, 1.3960967655541885e-06, 1.0436839897832284e-06, 3.131051969349685e-06, 5.692821762453972e-06, 3.1174976318200327e-06, 3.619008120417168e-06, 6.234995263640065e-07, 2.0060419543885428e-06, 2.6295414807525495e-06, 9.894666396646191e-07, 1.2198903776687084e-05, 1.3147707403762747e-06, 3.1174976318200325e-07, 2.4668894303967215e-06, 9.081406144867051e-06, 3.7952145083026484e-07, 3.6732254705357777e-06, 1.8298355665030627e-06, 1.1927817026094037e-06]
DDP L2Loss:[12496811816889, 13222103160841, 37930374007696, 13741500544209, 22270697625856, 148456860601, 15348953115076, 24511806883600, 23129543056, 11577121935289, 19012660843201, 667980924601, 1706900442256, 4024581650496, 22602788469121, 6664823783424, 532406634244, 795057555600, 1616531702041, 975306355776, 15582550980676, 1376426396944, 10847728500921, 2820958744041, 12055763123881, 3763809522916, 360020400289, 8150493978649, 201238371216, 667980924601, 1164478392100, 8250113034601, 961888216081, 15386076855081, 295433557444, 26226843076225, 24482892024361, 1802343840196, 7392596658489, 7101633382321, 28156168804, 2209022293284, 6084742092529, 1489473793600, 11707620289600, 1137317735401, 7127607778564, 21508632307600, 34854512020441, 5648484235716, 3186549878281, 1481166889024, 911939052025, 6483251565729, 5347124388225, 457775381281, 1175010472441, 3893368278244, 276174423529, 818035229209, 6761388471289, 216942624441, 7310750745600, 479776490281, 143250895225, 941938186225, 14676361788676, 10096995590929, 3489405320025, 6708322741849, 1064780461924, 11780113535089, 2729672317584, 159148336356, 9614861414656, 4216854036004, 7665860275441, 1401358764100, 33984597596161, 7738828515625, 137514147241, 22894110078841, 8284484245284, 9207783631489, 871607529, 11320129411600, 243913503376, 1512139955481, 792692850889, 338726328004, 410772037225, 23443782566884, 56832652816, 25058273918976, 14070946267876, 1023267795489, 2554441420644, 2742557908489, 4526273270016, 4091274836100]
DDP RE:[0.0479157081773359, 0.04928656676640988, 0.08347796602147162, 0.05024529216855724, 0.06396541280053473, 0.005222499804512567, 0.05310283116089607, 0.06710671184905684, 0.0020613978688596426, 0.04611886386838001, 0.059101669201757, 0.011077973617322368, 0.017708525113090276, 0.02719184447438658, 0.0644405601026367, 0.03499231150535137, 0.009890085030561168, 0.012085860601689783, 0.017233377810988316, 0.013385938440183915, 0.05350539498552675, 0.01590211144183845, 0.04464241698995004, 0.02276547223901567, 0.04706257106454452, 0.026296146741752093, 0.008132832941529394, 0.038696373093767104, 0.00608042159845191, 0.011077973617322368, 0.014626621171623111, 0.03893213724075788, 0.013293538521244276, 0.053167010949098974, 0.00736729751219216, 0.06941467667191839, 0.06706711962913273, 0.01819688789428365, 0.03685333560251016, 0.03612080498505763, 0.002274390728800599, 0.020145513674896583, 0.033434850351506666, 0.01654225569468887, 0.04637806346495955, 0.014455036812835243, 0.03618680105448951, 0.06286149333476973, 0.08002170483177298, 0.03221397050719829, 0.02419572593514458, 0.01649606251238782, 0.012943782395629128, 0.03451236596776391, 0.03134284678850507, 0.00917074278352499, 0.014692617241054988, 0.026744903748683824, 0.007123116121595474, 0.012259261241706626, 0.035244896585216436, 0.006313217345523689, 0.03664875998617512, 0.009388533878951444, 0.0051301134399104565, 0.01315495897434111, 0.05192631466332225, 0.04306995118446002, 0.025319434733702878, 0.035106317038313274, 0.013986476918772691, 0.04652142769301068, 0.022394096945040725, 0.005407286088054317, 0.042029072942545424, 0.02783380500846597, 0.037528287394136724, 0.016045489224227116, 0.07901678624732456, 0.03770647271530154, 0.005026341431783439, 0.06485450957079228, 0.03901315151617261, 0.041129729093115464, 0.0004001647068879253, 0.0456041107920164, 0.006694162001794567, 0.016667646871175685, 0.012067873995787935, 0.007888651550932707, 0.008687178237817113, 0.06562844868939789, 0.0032312998497189935, 0.06785062811003427, 0.050844027920254574, 0.013711120551857804, 0.02166338260881717, 0.022446891089718722, 0.028836907311685422, 0.027416222977852442]
DDP_noAm L2Loss:[36858558765625, 126816900212601, 309093213616209, 62294539650721, 5288489284, 1445503648681, 18648103539025, 341036515546276, 16923794733316, 2627676662121, 15211918860516, 50734180120849, 469204509554641, 146143993534009, 149220687910464, 559670256337201, 19930956648100, 10738958391225, 93399158376976, 56288436563844, 155000433306889, 45863193984169, 104448236480064, 56288436563844, 344665611389584, 17986623852096, 21986692866009, 1540681702564, 30219460711729, 71364243525696, 10292874479001, 295905329206201, 302621894552961, 221833380741184, 1589407354089, 80688665739969, 1116925581409, 3368105857600, 452067753753225, 10866984773121, 555072374880676, 39147058211121, 35576822966161, 227360136913156, 1242449081104, 23560500535056, 147087243970209, 29369050939684, 22347620564929, 255510314396100, 79642434396121, 82812912025600, 169889770067329, 11382465711681, 36747940992064, 178353327300201, 9802973140900, 574073884905921, 20456045482896, 192134473342564, 4611610221156, 28013012023824, 258946188158025, 42252639041209, 97213644651204, 303299849236036, 203657473681321, 214640959396900, 272255478027556, 232379749416049, 119714616004, 74020883324521, 234779894955841, 130586887761444, 89488440387889, 3124752683809, 196580503876, 3442271672896, 105245890959364, 138248729758084, 219789134632369, 77238698988025, 384032375401536, 36035540767521, 54557885641561, 6240113912484, 262700430977296, 289574307035689, 22903431777009, 472162174279849, 17821813684921, 335334804561, 142416083660041, 349381966664644, 141241625478144, 37333016505625, 79306273835649, 230897689121124, 40243532000841, 8909657859025]
DDP_noAm RE:[0.08229007743471041, 0.15263947477701115, 0.23829944516268126, 0.10698017072257401, 0.0009856985338313757, 0.016296258022863212, 0.05853230569948643, 0.2503103096148195, 0.0557605656637103, 0.02197173023327923, 0.052865250732676325, 0.09654474047584481, 0.2936022537393401, 0.16385842705897943, 0.1655742570925206, 0.32065972051145775, 0.060512120010755094, 0.04441803848648418, 0.1309935094919196, 0.10169225768514334, 0.16875037723415637, 0.09179318612880001, 0.13852522111834642, 0.10169225768514334, 0.2516386075840503, 0.05748481294085737, 0.06355624801352712, 0.0168242130239807, 0.07451121601776789, 0.11450346510539494, 0.04348571693384457, 0.23316034519698864, 0.23579167585029512, 0.20187927907894374, 0.01708818374737068, 0.12175437152121997, 0.01432486095520046, 0.024875462407919116, 0.28819076580665165, 0.04468202276421169, 0.3193398397858328, 0.08480625043636496, 0.08084662181382762, 0.20437861759338644, 0.015108369436102014, 0.06579161580457984, 0.16438636850575938, 0.07345531956987045, 0.06407578577103869, 0.2166618835668581, 0.1209624457967125, 0.12334664021384081, 0.17666963447923104, 0.045729501968503214, 0.08216650253945258, 0.18101680872041617, 0.04243822417521551, 0.32475974496212723, 0.06130404573526256, 0.1878801695175934, 0.02910747899745234, 0.07173947598199176, 0.21811375643134678, 0.08810594547325858, 0.13364167463243787, 0.23605564657368508, 0.19343206683275158, 0.19857958404205012, 0.22364881925929314, 0.2066224161823826, 0.004689773676584642, 0.11661527155552735, 0.20768672987388598, 0.1548916770552757, 0.12822176945614347, 0.02395996178815381, 0.006009640847872066, 0.025147850374915008, 0.1390531625651264, 0.15937084343532462, 0.2009469439719666, 0.1191230408679135, 0.26562088265818884, 0.08136615957133919, 0.10011682347973432, 0.033859033344497136, 0.2196891906367558, 0.2306525758846025, 0.06486771149554615, 0.2945261716027114, 0.05722084221746739, 0.007849059331008592, 0.16175503785245293, 0.253354451171929, 0.1610866870232033, 0.08281801888149037, 0.12070689231692844, 0.20596246904240137, 0.08598572177952024, 0.040458409863946845]
DDP_1 L2Loss:[75187663050724, 6334664799376, 97778279124100, 74692633400100, 56768780644, 80874876358116, 12665107263249, 147811784737369, 163602927421696, 101287900227721, 55424406789049, 14235793111225, 3887076435489, 31401644216089, 65712051052209, 144032737860496, 154273887855616, 142648601586481, 311838444466704, 147707242929, 324151451649, 504462335937121, 55996576083396, 497970148900, 77067627919489, 18396653313424, 109279760060416, 19936501830961, 324858961296, 19156124386441, 9258084144100, 1056031637956, 1494232422544, 66831965706724, 9380786719249, 32564728849, 919213625183296, 198667953781444, 21082974224400, 29256880735369, 299917626696900, 288250174996624, 21346358924944, 313157756025, 1494232422544, 63055621733049, 9026305193161, 187502856256, 1818063902736, 144032737860496, 8674992371556, 103851976626841, 104236605994689, 3549184709184, 22439775340096, 164101505864521, 12053318860521, 32059863352449, 58958763328521, 15287974880256, 17494460639044, 105233149739041, 107859274923024, 9436710917929, 13658605020025, 996844493241, 32613590710561, 6047030183041, 18313213007236, 75536575027684, 2443612998436, 7512220350649, 43656637938489, 11981497644900, 26082429553216, 12609942436, 25791202878016, 325769144453776, 1872663613209, 329293720188304, 110287026108169, 8450672256016, 153533659356900, 121178749966884, 83167742533225, 365559027681604, 9202692556836, 1590973550244, 105833355801156, 137348836646464, 64142799566400, 19070977223089, 22624672771600, 24035535786025, 181750545657121, 119270512578816, 235955989217881, 177331036564900, 65564323952400, 12600299096100]
DDP_1 RE:[0.11753077217529266, 0.0341145868242812, 0.1340292202510857, 0.11714322655664484, 0.0032294835684900203, 0.12189478090368965, 0.04823727128088937, 0.16479074861161905, 0.17336995299667496, 0.13641341466821402, 0.10090874920424178, 0.05114098990119172, 0.02672328458032403, 0.07595467163865069, 0.10987548565360798, 0.16267053847221824, 0.16835441437190263, 0.16188702999131668, 0.2393553416105787, 0.005209297879758686, 0.007717067192144838, 0.3044336604026606, 0.10142827340741584, 0.00956488936454975, 0.11899104872904975, 0.0581363428372327, 0.1416929240163763, 0.06052053725436101, 0.007725484435750753, 0.059324231423993894, 0.041241918344848395, 0.013928898092946729, 0.016568659544196635, 0.11080782076058511, 0.04151431986618182, 0.002445975087588468, 0.41094767034891483, 0.19104787241562327, 0.06223636728790217, 0.07331491018740079, 0.23473577940239765, 0.230124620883485, 0.06262391290654999, 0.0075850750532810846, 0.016568659544196635, 0.10763170061894933, 0.040722394141674355, 0.005869245019739927, 0.01827607233413188, 0.16267053847221824, 0.03992205117356097, 0.1381292582560927, 0.13838481173587677, 0.025535395993562828, 0.06420776435556491, 0.17363392372006492, 0.04705779993773408, 0.07674659736315816, 0.10407645210227165, 0.05299724287154008, 0.0566928872163499, 0.13904474532152047, 0.14076900615300508, 0.04163788120710213, 0.0500935106969002, 0.013532935230692995, 0.07740653094880187, 0.03333107834337965, 0.05800435069836894, 0.11780316014228856, 0.021188221752377678, 0.037150311137784844, 0.08955780478340974, 0.046917390555264414, 0.06922330298033723, 0.0015220707785547772, 0.06883575736168941, 0.24464326820234691, 0.018548473855465302, 0.24596313537363432, 0.1423444403584141, 0.0394025134160494, 0.167950034266043, 0.14920780115559132, 0.1236106109372308, 0.2591534847232654, 0.04111835700392809, 0.017096600990976592, 0.13944070818377421, 0.15885130567781305, 0.10855560492798302, 0.05919223928513014, 0.06447174863329243, 0.06645156294456109, 0.18273265230829486, 0.14802832981243602, 0.20820626763139755, 0.18049728451724215, 0.10975191075835014, 0.04811369638563153]
shuffle L2Loss:[1347216802748570.8, 469247304012967.6, 364926765544473.2, 77127259312897.97, 398015492130959.9, 717670200580817.0, 1912504435784786.0, 143956242307830.72, 3758106193523146.5, 883335803980341.8, 1340815152631368.8, 1.3997711670329186e+16, 1.4045920572269954e+16, 47630432124385.12, 7680811033664303.0, 436024539570930.3, 3981469897780.5522, 1725528469363583.5, 1.7926917378124164e+16, 7396893612937435.0]
shuffle RE:[0.497504532380455, 0.2936156426376538, 0.2589292749048133, 0.11903707473373148, 0.27041344720757027, 0.363112126652392, 0.5927608631773257, 0.1626273357061081, 0.8309269025684743, 0.4028480012245345, 0.49632111395537126, 1.6036397694215894, 1.606398908338305, 0.09354499520124533, 1.187905345144334, 0.28303084130518863, 0.027045811355377602, 0.563040144259839, 1.814809753531903, 1.1657434459543576]
ARR L2Loss:[1.1425880045123844e+23, 2.286659644854068e+22, 1.4458641821152534e+21, 1.3693913858982268e+21, 9.581598233290867e+20, 4.461078691621663e+22, 1.6327011284165706e+21, 4.857576152090215e+22, 4.75988632841995e+20, 2.289849752084207e+22, 1.0765945433460807e+21, 2.639738337385708e+22, 2.4218666144891375e+22, 2.232158546351712e+22, 2.3993433615938227e+22, 3.543097434916714e+23, 3.525855758549824e+23, 5.2453711629183825e+20, 4.848868655801252e+22, 2.328605753650986e+22]
ARR RE:[4581.662836227763, 2049.646946597621, 515.3971893346161, 501.5821723466053, 419.5630892414669, 2862.847657605813, 547.6860038882022, 2987.3637385152538, 295.71720101818124, 2051.076174304946, 444.7381481460667, 2202.210029080115, 2109.373115256824, 2025.0736163482504, 2099.541665295892, 8068.073463465264, 8048.418802478711, 310.4319467374638, 2984.6850232944716, 2068.3607094526824]
epsilon:1.4
CDP L2Loss:[1849, 33124, 225625, 900, 692224, 19881, 10816, 166464, 147456, 40804, 33124, 1369, 30276, 17689, 430336, 6084, 12544, 7396, 1156, 256]
CDP RE:[5.828365137750496e-07, 2.4668894303967215e-06, 6.43831032658485e-06, 4.0663012588956947e-07, 1.1277208824670726e-05, 1.9111615916809765e-06, 1.4096511030838408e-06, 5.530169712098145e-06, 5.204865611386489e-06, 2.737976180989768e-06, 2.4668894303967215e-06, 5.015104885971357e-07, 2.358454730159503e-06, 1.802726891443758e-06, 8.89164541945192e-06, 1.0572383273128807e-06, 1.5180858033210593e-06, 1.1656730275500992e-06, 4.6084747600817874e-07, 2.1686940047443705e-07]
DDP L2Loss:[1550366148769, 7528976234404, 1025239276681, 2745781561600, 5729775753025, 833965289089, 337593536784, 24462292807969, 25402003201600, 5098514324121, 9093716705241, 57293772640225, 38813334121, 6864903049216, 8091459013401, 2570025796900, 25905066448804, 7635489771121, 10073108001856, 106211461801, 3249431653924, 5246894172100, 1098197106601, 158372161600, 612459629604, 11687632763524, 15351719188129, 1060766104225, 30305168130169, 124383182400, 112416701796, 3856420105729, 4556828816929, 7648952674276, 102835662400, 9463652453025, 2152939944100, 3789781053696, 1530922129, 3962309208025, 78202444609, 1594661314401, 289261108900, 37859409, 117367222921, 649800434404, 4030979752900, 5890023201969, 97291591056, 134185213969, 766897778529, 136073192161, 2919484822500, 309897075856, 6435552111921, 1586065690881, 949774990096, 14395232751025, 8469718037284, 24394916252641, 11968015708324, 254744297284, 4628354152321, 305185534096, 14317755422161, 513901163161, 965976431281, 21001340929284, 1392468440841, 12645271128361, 5853980250000, 3960374624761, 2006908555716, 33577099430625, 11968015708324, 12678969048516, 3785989760644, 29748766703049, 39973204489, 2476792931089, 44516558117329, 1738556416, 15721232930001, 1442316931225, 1267842220225, 8103302356900, 4556828816929, 3136441, 3586478440000, 8321818176, 4430911330729, 381962316961, 18177099698521, 24290545959936, 1013440863204, 447115556889, 2076089066496, 19229821173124, 5282026606756, 19127476009009]
DDP RE:[0.016877007168658694, 0.03719171963893793, 0.013724322476611686, 0.022460079460135073, 0.0324449499730411, 0.012378051455816498, 0.007875449626178825, 0.06703889949839599, 0.06831440332294886, 0.030605545044242104, 0.0408741756133314, 0.10259637266138373, 0.0026703535910543325, 0.03551366554409192, 0.038555977265634964, 0.021729365123911517, 0.06898753883334645, 0.03745387408109894, 0.043018973321011, 0.004417372155251219, 0.0244332928090268, 0.03104770108879689, 0.014204254459861615, 0.005394084163300436, 0.010607597442030842, 0.04633845769069791, 0.05310761584204404, 0.013960086623602458, 0.07461680430712389, 0.004780343759957778, 0.004544579612967006, 0.026617696290968038, 0.0289340783574355, 0.03748687889298364, 0.004346604959008905, 0.04169727631415707, 0.019888143913883546, 0.02638671682512523, 0.0005303405645227062, 0.026980654341337066, 0.0037904298271546812, 0.017116403878107415, 0.007289929353572905, 8.33998388199507e-05, 0.004643566939946058, 0.01092617859132779, 0.027213450088408843, 0.0328955232612018, 0.004227814744899032, 0.0049651300434995285, 0.011869899341829833, 0.004999937582275676, 0.02315961882004043, 0.007545482833356969, 0.03438517206438565, 0.01707021069580636, 0.01320956940024808, 0.0514265797929415, 0.03944689031712148, 0.06694651313379388, 0.04689098670575665, 0.006841172346641176, 0.029160273142130336, 0.007487904007531007, 0.051288000246038336, 0.009716684390544326, 0.013321758651981012, 0.06211576079256332, 0.015994511360778094, 0.0481994817878567, 0.03279471965299378, 0.026974066933297656, 0.019201806478732073, 0.07854162539088506, 0.04689098670575665, 0.0482636615760596, 0.02637351490037135, 0.07392865059074344, 0.0027099593653159763, 0.02133158598042881, 0.09043552946447991, 0.000565161657636383, 0.05374296185940896, 0.016278284971298893, 0.015261980743325562, 0.03858418384203417, 0.0289340783574355, 2.400473176501425e-05, 0.025669204413655555, 0.0012364808868050028, 0.028531514532804825, 0.00837700077778855, 0.057788389438508996, 0.06680314890574274, 0.013645124482425927, 0.009063338212940026, 0.019529956990324955, 0.059438236956955805, 0.03115147309692391, 0.05927985452292182]
DDP_noAm L2Loss:[416362800700900, 29369050939684, 895709605414464, 7512220350649, 48411996684129, 16769016810001, 4163036283904, 265866460489744, 1469014296841, 3887076435489, 2293764772324, 157174739194225, 200594138091876, 4323496807204, 1332233042176, 231805253423104, 1026656568756324, 78430454073409, 8225728010809, 366676962713721, 319798613131396, 42633273301056, 3772739061316, 31082018765625, 161121362702881, 8503761686641, 1140078533972401, 26822041, 25587481377649, 12873887520400, 106033810641984, 12943855431049, 2081745381317904, 584826436744225, 272275971619369, 232038743616, 123778864104025, 8334237800464, 7300220379664, 214230122500, 228849606706176, 51999285368809, 1330799881609, 40615027032064, 10548347743684, 19326978892516, 595709019936801, 58362113040100, 26682617532484, 77399015024241, 976268491969, 226773209938081, 62284737316624, 579657146644900, 1609964746901956, 76726072272964, 17898873258436, 41739752918161, 9202692556836, 50734180120849, 456634118262001, 138936551508225, 76885855697764, 363723294683961, 19246900862641, 126816900212601, 17413102755801, 85492676750625, 4567226329449, 190804245602481, 24811626190129, 65712051052209, 19762959258025, 445344010281, 205328465928369, 67940850405376, 124198743513601, 28524144640000, 8507383894564, 1924620712249, 192421758194689, 74692633400100, 164335170371584, 407666022129081, 115472776422276, 98937159184656, 266522244109081, 148048664625625, 163056862809, 10675236220804, 176812708844836, 3263976995904, 33855710296356, 5856985654641, 94910947950625, 184121234680384, 5347124388225, 1076140666384, 31299549160000, 81741724278769]
DDP_noAm RE:[0.2765758506624296, 0.07345531956987045, 0.4056597437571466, 0.037150311137784844, 0.09430935913045455, 0.05550499862958871, 0.027655619687301163, 0.22100905780804322, 0.016428250161726967, 0.02672328458032403, 0.020528288166733966, 0.16992984857731167, 0.1919717902789945, 0.02818356113408112, 0.015644741680825414, 0.206366849148261, 0.43430106197827917, 0.12003852793334129, 0.03887455841493191, 0.25954944758551907, 0.2423910523697448, 0.0885019083355123, 0.026327321718070295, 0.07556712602000287, 0.17205007227105, 0.03952608831130724, 0.4576628708512494, 7.019791406606934e-05, 0.06856335584035599, 0.048633234143143106, 0.13957270032263797, 0.04876521272766933, 0.6184322101698709, 0.32778705203202496, 0.22365723650289904, 0.006529178605383639, 0.15080006984821215, 0.03913012544905351, 0.03662235613666735, 0.006273625125599575, 0.2050469819769736, 0.09774104630621192, 0.0156363244372195, 0.08638168464177397, 0.044022075624230446, 0.059588202147383876, 0.33082276279119105, 0.10354849710115416, 0.0700152287048447, 0.11924660220883382, 0.013392539402560856, 0.20411464686999645, 0.10697175347896809, 0.32633517916753624, 0.5438591999273054, 0.11872707800565978, 0.057344417112725234, 0.08756957322853517, 0.04111835700392809, 0.09654474047584481, 0.28964262511680283, 0.15976680629757836, 0.11885063934658009, 0.2585019683812276, 0.059464627252126034, 0.15263947477701115, 0.05656090863182368, 0.1253264545251095, 0.02896706961498267, 0.1872286531755556, 0.06751587663606445, 0.10987548565360798, 0.0602565529766335, 0.009045365161375706, 0.19422399255725906, 0.11172330782601289, 0.1510556233279962, 0.0723910058783671, 0.039534505554913155, 0.018804027335249364, 0.18802057890006307, 0.11714322655664484, 0.17375749861532278, 0.2736721184877897, 0.14565255263891363, 0.13482114597559317, 0.22128145932937665, 0.1649227407504828, 0.0054732821574861945, 0.044286059901957955, 0.18023330023951464, 0.024487916789271296, 0.07886680750255896, 0.032803136896599694, 0.13204940593981704, 0.18392054089505608, 0.03134284678850507, 0.014060890231810482, 0.07583109674339285, 0.12254629724572744]
DDP_1 L2Loss:[11056309960609, 24617990569104, 577633156, 3551524933401, 68745871263969, 50189615998369, 76715193555841, 2566907052649, 285919286085904, 169129088641296, 6485731824100, 47862902563204, 60766904767969, 60463641050569, 53413134448041, 5392255227129, 142881285263616, 12948324230884, 676542440484, 7251037200625, 862222355686129, 2474152827136, 64298876120964, 84058164968976, 93023092943104, 3406231977604, 6799651600, 1540681702564, 40004676255625, 51439047098404, 10995763152196, 346706637124, 30326619455521, 97021712001600, 230897689121124, 9436710917929, 34310505405289, 119909442400489, 89500189886116, 108669845817289, 15283119065769, 503997112014400, 112653538321, 109063287695569, 69403628221456, 1287655293001, 498846976681, 381745870269124, 6047030183041, 33179212819600, 1728503740777284, 27800690388496, 654613153697281, 2177297971489, 1243833864529, 39505662334609, 242125995969, 12878344226881, 10544314334401, 52271555228649, 53404057764864, 5127136005124, 86033750091844, 5669970568900, 82990241570404, 81038920674244, 9022574137600, 214355718555664, 4611610221156, 431625348324, 447962685586641, 419729058225, 2691194316196, 12669527687184, 10611697153600, 10517733136, 206988416216464, 1116925581409, 16530615797796, 1897696349761, 6043976402500, 2789968902400, 8964167736484, 43015614359641, 6436232002729, 173445844573456, 733631352496900, 12804102071524, 4120871580049, 194571727516609, 92647805389129, 829523851524, 70206836618304, 17199797904, 78085888370884, 14461812631161, 111325120349184, 25784895761689, 677564398449, 142401262240000]
DDP_1 RE:[0.045069568382859505, 0.06725190591267448, 0.0003257649481876638, 0.02554381323716874, 0.11238325496599413, 0.09602520271833323, 0.11871866076205387, 0.021716176753495166, 0.2291922993308454, 0.1762736716169773, 0.03451896693014085, 0.09377300044006867, 0.10566030355128658, 0.10539631927355908, 0.09906091347749935, 0.031474838927368826, 0.16201900857584292, 0.04877362997127524, 0.011148740813564682, 0.03649878124140952, 0.3980044572354619, 0.021320213891241432, 0.10868759706684678, 0.12427055807721205, 0.1307295252141921, 0.025015858236051253, 0.00111769067269513, 0.0168242130239807, 0.08573016829973618, 0.09721309130509444, 0.044945993487601664, 0.007981037915534818, 0.07464320815663164, 0.13350968249357412, 0.20596246904240137, 0.04163788120710213, 0.07939476250367644, 0.14842429267468976, 0.12823018669974937, 0.14129696115412257, 0.052988825627934166, 0.30429325102019095, 0.004549364294114974, 0.14155251463390664, 0.11291961365638001, 0.015380770957435437, 0.009573306608155663, 0.26482895693368136, 0.03333107834337965, 0.0780748817780515, 0.5635253509011283, 0.07146708801499586, 0.3467932694202041, 0.020000333165616477, 0.015116786679707927, 0.08519379605501277, 0.006669587987853307, 0.048641651386749016, 0.04401365838062453, 0.09799659978599598, 0.09905249623389344, 0.030691330446467272, 0.12572241738736323, 0.0322751818954822, 0.12347863235270458, 0.12201834224460995, 0.04071397689806844, 0.19844759190318637, 0.02910747899745234, 0.008904955778906038, 0.2868793023246326, 0.008781380883648198, 0.02223570095666921, 0.04824568852449528, 0.0441540677630942, 0.001390078639691023, 0.19500750103816059, 0.01432486095520046, 0.055109035767334974, 0.018672035196385613, 0.033322661099773734, 0.022640081062528856, 0.04058198475920469, 0.08889787119776604, 0.03438698834561463, 0.17850905296236755, 0.36712777122327667, 0.04850124200427935, 0.027515210304831495, 0.1890680581043546, 0.1304655544908021, 0.012345046643931795, 0.11357114355275533, 0.0017776242583388419, 0.11977455720995131, 0.05154537000705137, 0.14301279118766372, 0.06882734011808349, 0.011157158057170597, 0.161746620608847]
shuffle L2Loss:[2440307946183452.5, 738023721261505.0, 1383239250042873.0, 1118466246800583.4, 2560480748737190.5, 782485329472784.0, 6968005203106.212, 307621917132153.75, 1619621744807142.5, 130847109191569.62, 186225170822107.5, 1577231283826935.0, 9886306352877.238, 4801707642330.953, 1444503128755400.2, 6071391387925830.0, 1.1111547021414204e+16, 28784107232.158443, 2155682406277559.0, 311273882416802.94]
shuffle RE:[0.6695771326818115, 0.368225157589917, 0.5041118984201044, 0.45330419425927276, 0.6858656514296951, 0.37915466009437504, 0.03577935682598888, 0.23773161101940174, 0.5454878675431694, 0.15504592712895976, 0.1849683774315733, 0.538301992707947, 0.04261822209265979, 0.029701347517018136, 0.5151545495878886, 1.0561422374370653, 1.4287806516980561, 0.00229961259272867, 0.6293187695208559, 0.239138575266565]
ARR L2Loss:[2.311430193893267e+22, 2.3348280010705807e+22, 3.634273746439689e+20, 1.1362103748158793e+22, 1.1387972542381441e+22, 5.202801378863324e+20, 1.1809159141244006e+22, 4.811579798229419e+20, 2.289268584086506e+20, 3.430788881069999e+20, 6.375237639444829e+20, 4.328876453150849e+20, 1.1999170049934235e+22, 3.225890957440734e+20, 2.502459699752875e+22, 2.247175388149091e+22, 1.4398875819149219e+23, 2.6354501408383143e+20, 7.507788645653346e+20, 2.355862838888668e+22]
ARR RE:[2060.7185821231315, 2071.122290321201, 258.39679024270066, 1444.7997954761217, 1446.4435922587327, 309.1696964486566, 1472.9492507455875, 297.3186434548971, 205.08158743712795, 251.05871010751537, 342.236625603004, 282.01089821249604, 1484.75193616043, 243.4462772734803, 2144.182969967736, 2031.8740372550608, 5143.308676246761, 220.04205813115888, 371.3935142810806, 2080.430907134361]
epsilon:1.6
CDP L2Loss:[17956, 9409, 1089, 256, 19321, 29584, 42025, 51529, 144, 4, 103684, 69696, 562500, 7921, 81225, 95481, 961, 441, 900, 8649]
CDP RE:[1.8162812289734104e-06, 1.3147707403762747e-06, 4.472931384785264e-07, 2.1686940047443705e-07, 1.884052916621672e-06, 2.3313460551001984e-06, 2.778639193578725e-06, 3.076834619231076e-06, 1.6265205035582778e-07, 2.7108675059304632e-08, 4.364496684548046e-06, 3.5783451078282114e-06, 1.0165753147239237e-05, 1.2063360401390562e-06, 3.86298619595091e-06, 4.188290296662566e-06, 4.201844634192218e-07, 2.846410881226986e-07, 4.0663012588956947e-07, 1.2605533902576655e-06]
DDP L2Loss:[4246348484889, 41815285992676, 5545450394884, 5866413396624, 7334460984841, 10735766796304, 841094420544, 16297853443600, 958335270916, 484322740489, 737948003521, 2325914759025, 76847047369, 17407920398400, 283010168169, 8267677877449, 11419540076961, 267683099161, 1552792624321, 2960013579961, 2906646502321, 1623068356009, 8335011509764, 1186942701961, 5062788004096, 3063091528561, 257207208336, 10899103301641, 1890025547524, 12689375706225, 11343983094889, 111674935684, 6684949867729, 12939972516, 11249067805369, 1105351541449, 957119805625, 1727671019281, 1623068356009, 25736830629904, 2297783032336, 376565095201, 4949494764516, 394093917361, 863713321, 11834570099881, 773734862884, 1833854931601, 16888861475236, 41614033399236, 22769760302289, 20589595955776, 4273026436900, 293320811281, 7467649290000, 166217659204, 12822493884201, 1005613856809, 5809300242001, 9443519526961, 2399252298304, 8680724938249, 5169115997761, 10228227385600, 4304736945796, 2512167940324, 3772739061316, 2464548332544, 637088119684, 575687905081, 31109164398481, 2696430010561, 8743961366361, 798533470449, 4666140015625, 8678650862025, 3192243289225, 8871914987776, 13379339897284, 2401176482329, 131699313216, 6193532601, 4212304712100, 225645900484, 4958166169636, 6594618864001, 3855033803776, 10026804579169, 705909153856, 990050870169, 10911083995249, 7197973873216, 407036344036, 605070846769, 28489183800676, 21386430081, 13449690733924, 10481173151296, 42618805342864, 73378141456]
DDP RE:[0.027930976054216048, 0.08764877122272093, 0.03191881125315259, 0.032829527191769924, 0.03670814153889253, 0.044411437524107235, 0.012430845600494496, 0.05471967386745818, 0.013268964507303017, 0.009432910780023526, 0.011643704557134996, 0.0206716523947851, 0.0037574385696075075, 0.05655249138821777, 0.0072107313593871465, 0.038973559296248496, 0.045803915281541006, 0.007012756705429045, 0.016890209093412576, 0.02331981753530339, 0.023108640956591407, 0.017268185349764462, 0.039131941730282484, 0.014767030554092779, 0.030498126919319607, 0.023722381359934062, 0.00687416360418835, 0.04474800527930603, 0.01863425925769047, 0.04828346446319042, 0.04565213380988396, 0.004529561406984152, 0.035045105650029364, 0.0015418601113480696, 0.045460746563965274, 0.01425044764216267, 0.013260547263697102, 0.01781594323801277, 0.017268185349764462, 0.06876316032988058, 0.020546261218298285, 0.008317605670733613, 0.03015495820174387, 0.008508992916652304, 0.0003983484256589519, 0.04662883226359565, 0.011922693486507829, 0.018355270328317637, 0.055702986837884334, 0.08743759464400895, 0.06467814053085644, 0.06150383667044964, 0.02801857773767019, 0.007340907217021927, 0.037039938167280885, 0.00552607630216419, 0.04853606309739303, 0.013592330337747932, 0.03266932847650696, 0.04165289941308498, 0.020995018225230012, 0.039935239543977326, 0.030816721622954086, 0.04334894011383285, 0.02812234974579721, 0.021483381006423385, 0.026327321718070295, 0.021278791835750814, 0.010818774020742826, 0.010284231611585927, 0.07560011727755005, 0.022257320125029005, 0.04008043360759496, 0.012112250896860017, 0.02927906335624021, 0.03993046841716689, 0.02421733154916685, 0.04037262446172168, 0.04957875762053659, 0.02100343546883593, 0.004918923306860944, 0.0010667128092461077, 0.027818786802483116, 0.006438608522010503, 0.030181362051251635, 0.03480752522180962, 0.02661291160982007, 0.04291998599403194, 0.011388137523013401, 0.01348674204839194, 0.04477259284758482, 0.036364986375654315, 0.008647586017893, 0.010543417653827939, 0.072346628977295, 0.001982199874673884, 0.04970893347817137, 0.043881679796098305, 0.08848689012952946, 0.003671653167382338]
DDP_noAm L2Loss:[22163861038201, 467097605978481, 21622927802116, 22261505604100, 90423781576164, 54414124287649, 326098298308864, 67620179476201, 613939521506809, 38540170373329, 282635644156441, 53128850414116, 19412695008256, 52562543500009, 4823092391716, 1354807537444, 25006020362404, 251180390041, 65082071483716, 3124752683809, 111942430681225, 34998381579249, 216356328411136, 100700743320576, 11186201998084, 221543398623556, 10485194467225, 919393322500, 124212585304900, 75536575027684, 125736616738756, 15748277928100, 144969161218596, 117772827677761, 177590458258249, 620713923485161, 20368053557604, 3442271672896, 1265649750121, 63055621733049, 149235860061369, 184121234680384, 151384774037904, 62592528463936, 81741724278769, 51990329626624, 153790480710441, 5039320094649, 27086528798784, 645882254224, 193486597722916, 21172495444164, 618743685444481, 4242887269929, 106033810641984, 144500570263921, 40491014195025, 93775963072401, 220674619924641, 7247693159716, 131925623148544, 125068435560000, 4650850235889, 405727315870276, 89672755984900, 50604386232976, 8615181124, 10611697153600, 89869053845041, 139396039692100, 63055621733049, 211779098127424, 3193983757584, 554460433641, 335334804561, 7569106942401, 26281730218041, 271081629025, 21617152830625, 7146532890000, 58650539156496, 6191557264656, 865379946564, 4611610221156, 74020883324521, 623597587588096, 252716230496601, 149235860061369, 3585970919556, 258299798037264, 8003823784609, 52223675625, 317712372462144, 81389952203044, 30433967856601, 84941863064881, 175004615402761, 550979663377936, 23940147479689, 916815660913296]
DDP_noAm RE:[0.06381180149331118, 0.2929423201536964, 0.06302829301240963, 0.06395221087578086, 0.1288901202853931, 0.09998483134087056, 0.24476682954326723, 0.11145933710262292, 0.33584670510523174, 0.08414631685072124, 0.22787241860522045, 0.09879694275410937, 0.05972019428624763, 0.09826898775299188, 0.02976741258309605, 0.01577673381968917, 0.06777984735945443, 0.006793149328773618, 0.10934753065249049, 0.02395996178815381, 0.14340875404991746, 0.08018668822818391, 0.19937150976655757, 0.13601745180596028, 0.04533353910624948, 0.20174728694007998, 0.04389009703970422, 0.012996576540307123, 0.15106404057160214, 0.11780316014228856, 0.15198795843497337, 0.05378916859604755, 0.1631984799189982, 0.1470959947054589, 0.18062926310176836, 0.3376945408319742, 0.06117205359639881, 0.025147850374915008, 0.015248778818571682, 0.10763170061894933, 0.1655826743361265, 0.18392054089505608, 0.1667705629228877, 0.1072357377566956, 0.12254629724572744, 0.097732629062606, 0.16809044364851267, 0.030427359723077294, 0.07054317015162465, 0.010893187333780618, 0.1885401031032371, 0.06236835942676592, 0.3371581685872508, 0.027919590410691142, 0.13957270032263797, 0.16293450919560823, 0.08624970605724774, 0.13125748021530956, 0.20135132407782624, 0.0364903639978036, 0.1556836027797832, 0.1515835783291137, 0.02923105389271018, 0.2730206021457519, 0.12835374804066968, 0.09642116558058697, 0.0012580865008272686, 0.0441540677630942, 0.12849415742313935, 0.16003077702096832, 0.10763170061894933, 0.19725128607281925, 0.02422393251154379, 0.010092844365667238, 0.007849059331008592, 0.03729070696591698, 0.0694872737037272, 0.007057133606501126, 0.06301987576880372, 0.036234810518019536, 0.10380405058093822, 0.033727041205633385, 0.012609030921659305, 0.02910747899745234, 0.11661527155552735, 0.33847804931287573, 0.21547399498009687, 0.1655826743361265, 0.025667388132426583, 0.21784135491001336, 0.038346616968151954, 0.0030975049839637955, 0.24159912664523736, 0.12228232652233746, 0.0747752002954954, 0.12492207441924984, 0.17930939593048095, 0.31816036844267753, 0.06631957080569734, 0.4104112981041914]
DDP_1 L2Loss:[9440526631936, 53261840321041, 47997724385521, 28948392097641, 187856519317776, 159641531914489, 152329456521124, 20105224693225, 939364147264, 8560645036164, 12257015004004, 57065087689, 1640484502596, 51160073001129, 1127006401079056, 69403628221456, 28219553835264, 422345039571225, 37579008749584, 22810319280225, 2063865531456, 148998056338576, 73174850892900, 60615178080625, 24811626190129, 34653590092900, 8790092406481, 1470520022500, 41496490917729, 2535798271561, 584792090089, 4486995772009, 148184962704, 131911358061289, 67951088130025, 16609895874576, 6095017878481, 847357070400, 6140117261476, 316001143569241, 4200319083024, 1614055907025, 39025308856576, 151864412995584, 20023548653824, 127929898572100, 84941863064881, 12325288326121, 223868476195225, 51990329626624, 34075483931241, 29573758206976, 29580512807209, 34310505405289, 16604834459409, 27493484756929, 780785821077025, 370021590436, 6783498385225, 2091939893316, 105433035627481, 9738219254544, 5577603273025, 1740138254449, 17986623852096, 134623575507600, 25097284458961, 57065087689, 49228451657401, 24226871526400, 13367674129489, 357804765769984, 22072275156996, 68907431102500, 70370103138721, 249322110463969, 8736115198864, 40375069723044, 10048399146241, 165100964102244, 418775991776289, 63520421800900, 52271555228649, 35460762551236, 4777704153616, 10110231356281, 12878344226881, 1064479562607769, 99959674896, 44164624048609, 293210005637376, 4863220183441, 65396690059684, 43648432036416, 129684061427881, 394873992100, 14909599077025, 210364391555136, 43271452234816, 1470520022500]
DDP_1 RE:[0.041646298450708046, 0.09892051764936721, 0.0939049790245949, 0.07292736456875296, 0.1857767803110669, 0.17125814654654253, 0.1672901006803993, 0.060776090734145076, 0.013136972368439262, 0.03965806689583347, 0.047453762799987816, 0.003237900812095934, 0.017360585268704102, 0.09694912058170446, 0.4550315266436054, 0.11291961365638001, 0.07200346025971927, 0.27855566497369827, 0.0830904204028238, 0.0647357193566824, 0.019472378164498993, 0.1654506957516003, 0.11594692072627773, 0.10552831141242283, 0.06751587663606445, 0.07979072536593018, 0.04018602189695095, 0.01643666740533288, 0.08731401974875111, 0.02158418461463141, 0.01036523233266313, 0.02871151613519861, 0.005217715123364599, 0.15567518553617726, 0.1117317250696188, 0.055241027906198725, 0.0334630704822434, 0.01247703878279555, 0.033586645377501244, 0.24094761030319956, 0.027779181028221474, 0.017220175886234434, 0.08467427185183873, 0.16703454720061522, 0.060652515838887235, 0.15330782560626077, 0.12492207441924984, 0.04758574138451404, 0.20280318338797743, 0.097732629062606, 0.07912237453668056, 0.07371087304965451, 0.07371929029326042, 0.07939476250367644, 0.05523261066259281, 0.07107112515274214, 0.3787426863674987, 0.008245022193262326, 0.0353024754110424, 0.019604370303362744, 0.13917673746038423, 0.04229782834708337, 0.03201121117209223, 0.017880109471878146, 0.05748481294085737, 0.15726745422879812, 0.06790342225471227, 0.003237900812095934, 0.09510128485496201, 0.06671553366795108, 0.0495571384521768, 0.25639016193109515, 0.06367982290878496, 0.11251523355052036, 0.11370312213728155, 0.2140221356699457, 0.04006244700169311, 0.0861261311619899, 0.042966179176333, 0.1741618787211824, 0.277376193630543, 0.10802766348120307, 0.09799659978599598, 0.0807146432293014, 0.029627016754963913, 0.043098171315196755, 0.048641651386749016, 0.4422287364669597, 0.004285393570724995, 0.09007734254092133, 0.23209601795114776, 0.029890987478353892, 0.10961151493021801, 0.08954938753980383, 0.15435531836488983, 0.00851741016025822, 0.05233729573155884, 0.19659135248717552, 0.08916184192115602, 0.01643666740533288]
shuffle L2Loss:[6964883375234069.0, 132788370266657.7, 28580716004125.47, 836037242321032.2, 1675610208082768.5, 183724723176249.7, 1860454510618170.2, 324174687091381.56, 127553083954865.77, 2868597913688632.0, 1005795408280057.4, 50852706171095.58, 4518301174595.884, 589942961564508.5, 529158457130105.56, 101612730281206.94, 12114174109296.47, 229136717861679.38, 425482202416083.2, 126750485290040.31]
shuffle RE:[1.1311891232058144, 0.15619183119440136, 0.07246275613599815, 0.39191429831929425, 0.5548362080809307, 0.1837223945072378, 0.5846390555160564, 0.24404383799859203, 0.15308187673863116, 0.7259607411223699, 0.42986602408039165, 0.09665744941444798, 0.028811500991913774, 0.3292177998785027, 0.3117964505866212, 0.136631978322296, 0.047176443966170586, 0.20517556603617737, 0.2795883013529615, 0.15259950034732872]
ARR L2Loss:[4.963319717625303e+21, 5.589695894364976e+21, 5.125370348471199e+21, 7.212359631566395e+20, 8.89814906588224e+20, 1.6260849159492201e+22, 5.392206482748818e+21, 1.6360461456181373e+22, 1.0791577296215123e+23, 4.875550328672657e+21, 7.487585059081994e+20, 5.439297784625649e+21, 7.731582585098486e+20, 7.769218752220807e+20, 5.249461568819496e+21, 1.6833709437990197e+22, 5.117439079464843e+21, 7.560214591985117e+20, 1.5972011848124055e+22, 7.60598603062523e+20]
ARR RE:[954.9143550312664, 1013.3801349411663, 970.3779562715223, 364.0130748439149, 404.3227092910891, 1728.422482683939, 995.317301257782, 1733.7084692520493, 4452.672558899277, 946.433530431603, 370.8934645211289, 999.6540137796094, 376.88816136835277, 377.80436483700095, 982.054695622242, 1758.604619221153, 969.6268585148794, 372.6879556430237, 1713.0029389285048, 373.81442649202114]
epsilon:1.8
CDP L2Loss:[4900, 83521, 400, 6400, 4761, 3025, 13456, 187489, 227529, 35344, 4489, 169, 22201, 27225, 20449, 100, 144, 256, 4225, 9216]
CDP RE:[9.488036270756621e-07, 3.91720354606952e-06, 2.710867505930463e-07, 1.0843470023721852e-06, 9.352492895460097e-07, 7.454885641308774e-07, 1.5723031534396686e-06, 5.8690281503394526e-06, 6.465419001644155e-06, 2.5482154555746355e-06, 9.081406144867052e-07, 1.762063878854801e-07, 2.019596291918195e-06, 2.236465692392632e-06, 1.938270266740281e-06, 1.3554337529652315e-07, 1.6265205035582778e-07, 2.1686940047443705e-07, 8.810319394274006e-07, 1.3012164028466223e-06]
DDP L2Loss:[2528052300225, 99651968329, 1476429127056, 3214902790225, 25240304704729, 3131643426025, 306653460169, 1324069065124, 12909814278529, 1979412631056, 6210956168041, 65996582404, 5108906363521, 589810176081, 328755450384, 1446674917284, 4726754292100, 1965738594304, 38028040889344, 6544699344121, 4216164624, 1378712762596, 7678601718841, 5063391039204, 25083990425664, 6472658516164, 1541014373376, 28007857140025, 20123975881, 2271290126400, 8384916331584, 20123975881, 3370385611321, 786398277681, 22269432902500, 468860650756, 628008700900, 10703890022400, 1628936584804, 545075077264, 764958395161, 3386494299049, 73378141456, 16517656612864, 18766534081, 3616044528100, 4746415605129, 464387731600, 198192355344, 2524530121129, 87447361225, 54577475949649, 96904577025, 8020359936576, 12097304821924, 2220615569929, 2128327936641, 18653467309156, 8106075211689, 638858109796, 39530153864601, 3569900378724, 6604627582809, 15992664840889, 6647238994176, 4563640967824, 855443709604, 115705424025, 5148601516809, 112980687876, 1122826333225, 1668036825625, 9110533309956, 6172459225, 4554749882596, 1197573469569, 12232219456681, 502983079369, 5226838467984, 4347829671025, 5204598886881, 1295401356649, 6973185581041, 3962309208025, 1071096663844, 5113916391609, 22751182832400, 18792511111089, 28958874009025, 5296078345041, 3523549460544, 785772327844, 7485553728676, 768602890000, 242472532225, 294904388601, 1660500268816, 5989698232996, 4634065625344, 37105931641]
DDP RE:[0.021551193357084237, 0.004278792608348054, 0.016469658662880055, 0.024303130505729548, 0.06809662578185993, 0.023986365637661572, 0.007505890613432855, 0.015596732217295387, 0.048701046493803954, 0.01906981433986832, 0.03377983535031138, 0.0034820822026926206, 0.030636720020560303, 0.010409609233735212, 0.007771677618051808, 0.016302858985240153, 0.029468620766592398, 0.01900383182477397, 0.08358537059205658, 0.03467553308294586, 0.0008801102444753842, 0.015915313366592333, 0.037559462370454925, 0.030499943200548583, 0.06788543564881042, 0.034484159391364705, 0.016826029305209673, 0.07173287501961483, 0.001922804767618948, 0.020427471004188413, 0.03924891566316338, 0.001922804767618948, 0.02488387965152503, 0.012019864532257906, 0.06396359651930576, 0.009281115754028948, 0.010741405862123571, 0.04434545500901289, 0.01729937388042019, 0.010007058963442068, 0.011854881135846979, 0.024943274758579968, 0.003671653167382338, 0.0550874301533127, 0.0018568222525246003, 0.025774792703011546, 0.029529845709213836, 0.009236738852956868, 0.006034228416150855, 0.021536175151101383, 0.004008220922581135, 0.10013479653129864, 0.004219397501293118, 0.03838620918807607, 0.04714358533995926, 0.02019830781957458, 0.01977413838092164, 0.058540722943092344, 0.03859078480441111, 0.010833792226725682, 0.08522019990452054, 0.02560980930660062, 0.03483392907131738, 0.054204920791094575, 0.034946118323050314, 0.028955697525795295, 0.012536433889850486, 0.0046105756823988835, 0.030755510234670175, 0.004555965256491914, 0.014362650448233132, 0.017505765777984208, 0.040911951552026544, 0.0010648965280171342, 0.02892747739505856, 0.014833013069187127, 0.04740573978212026, 0.009612912382417307, 0.030988305981741956, 0.028262759128266878, 0.030922309912310077, 0.015426964139736491, 0.03579265447346475, 0.026980654341337066, 0.01402789897426331, 0.030651738226543157, 0.06465175023568621, 0.05875850048418127, 0.07294056649350684, 0.031192881598076996, 0.02544300962896072, 0.01201507985110994, 0.03708431506835297, 0.011883087712246186, 0.006674359114663745, 0.00736069654981522, 0.017466173558060093, 0.03317269590934566, 0.029178259748032186, 0.002610958483999396]
DDP_noAm L2Loss:[20544218000329, 61812401641, 72509976447841, 15903226773225, 82978927462729, 49905281110689, 29785965353104, 45075258143721, 7251037200625, 9802973140900, 118407738667024, 103257423572356, 394430801119524, 26588512524025, 49905281110689, 4323496807204, 158152908684996, 919393322500, 65092091513089, 237154117236481, 108061638372900, 9321230318761, 815966937568225, 263352268209424, 2820508636969, 532367528294281, 97201399291929, 7300220379664, 1377569342601, 39505662334609, 287238025817604, 154984970895616, 25495339602681, 63365293493824, 291740416900, 106636292455225, 302283184281849, 18146909886561, 846214170201, 137577182248900, 32059863352449, 16446496263184, 22624672771600, 115054584322500, 8560645036164, 112754984518225, 7462326939076, 136210000177216, 212932417577616, 22687288129, 104435543635641, 16843768141456, 236873431020249, 2988562732516, 389034361394116, 2472199616329, 61213489449025, 53119797918889, 318776814079684, 28323098583025, 56727634650625, 36629972152900, 382126454283025, 921539252628225, 5763096416025, 17652543429049, 85301220769956, 882423511876, 142881285263616, 100352736225, 171529333921, 140086706087329, 88753017657924, 282656524761664, 8059012545600, 129920080266001, 295235660150929, 32613590710561, 44562046581361, 43701484401, 343942877215809, 35221815431209, 29892342477321, 6837566035876, 80699822622864, 21526704737344, 417183321104356, 18901260563364, 26689033496449, 25390835700624, 364466510092036, 246542660612329, 13658605020025, 15748277928100, 7515624863296, 10611697153600, 91166079936649, 2332336321655824, 148998056338576, 13802933952900]
DDP_noAm RE:[0.061436024319788785, 0.0033698929509596884, 0.11541896572516025, 0.054053139319437525, 0.12347021510909865, 0.09575281475133735, 0.07397485732738202, 0.09100126040429254, 0.03649878124140952, 0.04243822417521551, 0.14749195756771263, 0.13773329539383897, 0.26919296566207834, 0.06989165380958685, 0.09575281475133735, 0.02818356113408112, 0.17045780357842916, 0.012996576540307123, 0.1093559478960964, 0.2087342090781775, 0.14090099829186883, 0.04138232772731806, 0.3871814813700849, 0.2199615786037517, 0.022763655957786698, 0.3127404632663831, 0.13363325738883197, 0.03662235613666735, 0.015908712404215392, 0.08519379605501277, 0.22972024077762535, 0.16874195999055047, 0.06843979449943567, 0.10789567134233931, 0.007321104329891105, 0.1399686631848917, 0.23565968371143134, 0.05774037997497897, 0.012468621539189637, 0.1589832978166768, 0.07674659736315816, 0.05496863993920283, 0.06447174863329243, 0.14538856836118613, 0.03965806689583347, 0.14392829180742903, 0.037026736242527, 0.15819137209216932, 0.19778765831754264, 0.002041594981728821, 0.13851680387474052, 0.05562857352484654, 0.20861064773725718, 0.023432006787036323, 0.26734512993533593, 0.02131179664763552, 0.1060478491699344, 0.09878852551050345, 0.242003506751097, 0.07213543884424549, 0.10208822054739707, 0.08203451040058882, 0.2649609355182076, 0.41146719455208886, 0.032539152618872184, 0.0569484542504715, 0.1251860451426398, 0.012732592262579615, 0.16201900857584292, 0.004293810814330909, 0.005613677985618333, 0.16042673988322206, 0.12769381445502598, 0.22788083584882635, 0.03847859555267818, 0.154495714193022, 0.23289636091926114, 0.07740653094880187, 0.09048172264678098, 0.002833520706236287, 0.25137463686066036, 0.08044224170796797, 0.07410683591190824, 0.03544288479351207, 0.12176278876482588, 0.0628878971842775, 0.27684823862942554, 0.05892826856174016, 0.0700236459484506, 0.06829938511696601, 0.25876593910461754, 0.2128258298395786, 0.0500935106969002, 0.05378916859604755, 0.037158728381390754, 0.0441540677630942, 0.12941807528651056, 0.6545968092194869, 0.1654506957516003, 0.05035748142029017]
DDP_1 L2Loss:[3775151850625, 12808546683409, 54261403342756, 105245890959364, 10422224352409, 212062620016900, 11316852586809, 742135729729, 76215152356641, 29686533646225, 181225820936196, 288559833728401, 12526863927561, 147323542811481, 149696888964624, 66749372881, 126830887134084, 14535972136449, 85661355536964, 221524912666369, 336054408804, 235377086736016, 128150278841104, 13225645077264, 2120203912464, 6095017878481, 1791900827161, 27289632706704, 193774891293025, 2661368076900, 48683399067801, 155287224225, 7409218672144, 182555849210329, 86564974240900, 158152908684996, 189461515308004, 34082734393764, 26481789434116, 328211847757924, 242906127018916, 1846106451225, 189176477172736, 23371819782481, 85853196490000, 290569388841216, 34998381579249, 108872947008400, 70707681993796, 3020167806769, 18485614260100, 26991723966736, 32502461394649, 11190356349601, 183329298207225, 5080331173681, 226205720978769, 106850343880336, 16689365608644, 119895842492416, 282002061368889, 32620683948304, 8110859073849, 103059611741584, 221524912666369, 45608168437924, 22163861038201, 5080331173681, 9321230318761, 76045219192881, 23560500535056, 84953310208144, 52562543500009, 129920080266001, 14093874980761, 36504700615744, 7300220379664, 265231743967969, 2006528910400, 75198432920209, 140317668100, 808786162775556, 200870045616769, 14909599077025, 18648103539025, 297897382167616, 51430139733361, 29573758206976, 332814638131264, 17170150241344, 84046778296209, 202806850014729, 23756002724169, 100688280266025, 6936523177984, 225894226729284, 122899905956529, 6047030183041, 329271182680561, 84762459462409]
DDP_1 RE:[0.02633573896167621, 0.048509659247885265, 0.0998444219584009, 0.1390531625651264, 0.043758104900840464, 0.197383278211683, 0.04559750982963946, 0.01167669581468217, 0.11833111514340604, 0.07385128243212419, 0.1824686815849049, 0.23024819577874284, 0.04797328700316186, 0.16451836064462314, 0.1658382413702481, 0.0035018850898234427, 0.15264789202061707, 0.051677362145915125, 0.12545002942036731, 0.20173886969647406, 0.007857476574614507, 0.20795070059727594, 0.15343981774512452, 0.049293167728786814, 0.0197363624422265, 0.0334630704822434, 0.018144093749605652, 0.07080715442935216, 0.18868051248570678, 0.0221121396157489, 0.09457334340818206, 0.00534129001862244, 0.036894744103663245, 0.18313703241415452, 0.12610996300601104, 0.17045780357842916, 0.18656870603557435, 0.07913079178028647, 0.06975124442711718, 0.24555875526777468, 0.21125039563416956, 0.018416481716601547, 0.18642831020744222, 0.06552764508118987, 0.12559042524849948, 0.2310485387468562, 0.08018668822818391, 0.14142893973864878, 0.11397552365861498, 0.02355558168229416, 0.058276738665364834, 0.07041960881070433, 0.0772745388099381, 0.0453419563498554, 0.18352457803280234, 0.030550921063997604, 0.20385909339021238, 0.14010907256736135, 0.05537302004506248, 0.14841587543108384, 0.22761686512543639, 0.07741494819240778, 0.03860217044793602, 0.13760130325497522, 0.20173886969647406, 0.09153761909467842, 0.06381180149331118, 0.030550921063997604, 0.04138232772731806, 0.11819912300454229, 0.06579161580457984, 0.12493049166285575, 0.09826898775299188, 0.154495714193022, 0.05088543642140766, 0.08189411457245668, 0.03662235613666735, 0.22074508708465324, 0.019199990197503097, 0.11753918941889857, 0.005077319295232461, 0.3854740550258121, 0.1921037688635207, 0.05233729573155884, 0.05853230569948643, 0.2339438536778902, 0.09720467406148851, 0.07371087304965451, 0.24727459885565337, 0.05616494576956994, 0.12426214083360612, 0.19302768672689194, 0.06606401732591327, 0.13600903456235436, 0.035698438273296135, 0.20371868400774273, 0.15026369760348876, 0.03333107834337965, 0.24595471813002842, 0.12479008228038609]
shuffle L2Loss:[16487515999773.887, 92916317800720.5, 1311795631982855.5, 3764711644322401.0, 10671452564184.121, 576759242033736.5, 210137511288486.56, 340981153890459.7, 2291913103531627.5, 13867980634252.54, 20907677887415.434, 438878503952888.94, 22715237327424.312, 218319062283173.16, 1131390725634085.8, 9551623126.454687, 72410684160160.9, 42571058406973.38, 1465356250285392.2, 11122878108341.793]
shuffle RE:[0.055037146778097935, 0.1306544757233228, 0.49092074707930755, 0.8316568230153372, 0.044278210984595834, 0.3255184264158737, 0.1964853109400394, 0.25028999191420676, 0.648899396165515, 0.050475997420332736, 0.06197709220847233, 0.28395560859782376, 0.06460065710188843, 0.20027379384944022, 0.45591575826642117, 0.001324698014619217, 0.1153399135747594, 0.08843730917768027, 0.5188596600451211, 0.04520504284594155]
ARR L2Loss:[1.21278684427317e+21, 1.2246576664050357e+21, 1.222463415892669e+21, 1.9273338971048169e+21, 1.537594369301186e+22, 1.1979685022912196e+21, 1.202678408597945e+21, 1.9195735156335877e+21, 1.3473095101368872e+21, 1.1992086214006536e+21, 1.2565289663518312e+21, 1.2387067959968523e+21, 1.1127192011647358e+21, 1.1380019336482369e+21, 1.1074322703372253e+21, 1.8490145179757403e+21, 1.105558578074237e+21, 1.2508484015949724e+21, 1.347906170055027e+21, 1.2766128888600493e+21]
ARR RE:[472.0310147791105, 474.335521690467, 473.91039162346414, 595.0545441598, 1680.7347762388983, 469.13841470127153, 470.05973710298207, 593.8553466376928, 497.52164972650496, 469.38117443384033, 480.46808891213914, 477.04852389600836, 452.1380817076634, 457.2458750032317, 451.06266709894896, 582.8388019280399, 450.6809234751846, 479.3807992938257, 497.63180198420235, 484.2926842612592]
epsilon:2
CDP L2Loss:[205209, 2116, 841, 1, 135424, 2401, 49, 49, 3249, 20164, 400, 2704, 221841, 1296, 11449, 99225, 64, 5329, 121, 1849]
CDP RE:[6.140114900932499e-06, 6.234995263640065e-07, 3.9307578835991715e-07, 1.3554337529652316e-08, 4.987996210912052e-06, 6.641625389529635e-07, 9.488036270756621e-08, 9.488036270756621e-08, 7.72597239190182e-07, 1.9247159292106288e-06, 2.710867505930463e-07, 7.048255515419204e-07, 6.384092976466241e-06, 4.879561510674833e-07, 1.4503141156727978e-06, 4.2696163218404794e-06, 1.0843470023721853e-07, 9.894666396646191e-07, 1.4909771282617547e-07, 5.828365137750496e-07]
DDP L2Loss:[12600299096100, 2623376259856, 1611582009361, 1254417920064, 3916456832016, 12950864810361, 13961574237361, 424791097600, 29057080573444, 17072296921, 20579541915024, 425886760000, 1769809836964, 1510613064900, 420360315904, 13191227872729, 62961348241, 1466654213025, 46388113641, 4661933040801, 105982151401, 3235890104164, 4333071049609, 14360984788921, 1962632883600, 7164048377476, 36680676484, 3822075830169, 3921710869561, 866941623409, 43757527489, 161487441025, 1530922129, 9665420873476, 531696180625, 3964781862976, 7353663991696, 17871181314624, 2201395364100, 2645505503001, 16109707416100, 1320708906841, 5051840616900, 5481432832516, 835498371136, 2619791504929, 7421750555521, 50240084449, 4767650415025, 52284938281, 1641386319556, 19793280673296, 396099044496, 318232502641, 164633062500, 159537135241, 6409084634689, 988815449664, 1989016605625, 630885484089, 6986046330769, 3352041016164, 5262518584324, 6252280207936, 613222117225, 4784088809536, 48134609043921, 7379366817001, 3408029827225, 1345442244624, 2212968636025, 2778148901284, 9330153520900, 7457186025, 1476429127056, 25219389215881, 2584094830144, 599026465024, 6831772702756, 1035841524169, 862663867209, 13802933952900, 9101721812836, 864474112441, 4429425344400, 21011497468900, 19106183007844, 385582628209, 5129341688025, 4507078048144, 2953317864484, 521099184384, 513901163161, 2770040950336, 559747874569, 2028658976100, 12519977336164, 60302660356, 14257851265849, 12961382436864]
DDP RE:[0.04811369638563153, 0.02195374362737738, 0.017206973961480552, 0.01518096646791083, 0.02682408818853205, 0.04877841465242321, 0.05064603971195894, 0.008834175028326193, 0.07306414138876469, 0.0017710232959619013, 0.061488818464466785, 0.008845560671851101, 0.01803190449787272, 0.01665922962756977, 0.008787981846025139, 0.04922898794058391, 0.003401067927277889, 0.016415048236973085, 0.0029193196627989863, 0.029265861431486326, 0.004412601028440782, 0.024382328499915305, 0.02821474966473685, 0.051365368404657594, 0.018988813618791116, 0.03627918741909162, 0.002595953832354071, 0.026498906076858165, 0.0268420747944339, 0.012620403010846682, 0.0028353369874652605, 0.0054468783079784314, 0.0005303405645227062, 0.042139432358711856, 0.009883484068184227, 0.02698907158494298, 0.03675616455676008, 0.05730004021165315, 0.020110706136120437, 0.02204614354631702, 0.0544029089993902, 0.015576929330164564, 0.030465135661772436, 0.03173403852394836, 0.012389423545003877, 0.021938738975732057, 0.03692593263431898, 0.003038109876908859, 0.029595828224308184, 0.0030993212651927687, 0.01736535639551454, 0.060302759713272085, 0.0085306120850121, 0.007646286441564994, 0.005499672452656427, 0.005413887050431257, 0.03431439131380581, 0.013478324804786026, 0.019116021076506902, 0.01076597987606483, 0.03582564573101192, 0.02481606730086418, 0.031093894271097947, 0.03389202460204431, 0.010614198404407783, 0.029646806087757206, 0.09403878744468763, 0.03682034434496299, 0.025022459198428194, 0.01572210983944467, 0.020163500280798434, 0.022592071598998828, 0.04140213061444889, 0.0011704848173731258, 0.016469658662880055, 0.0680684056511232, 0.021788760230966455, 0.010490623509149944, 0.035427866587529215, 0.01379510322719153, 0.012589228034528482, 0.05035748142029017, 0.04089216221923325, 0.012602429959282364, 0.028526729851656857, 0.062130778998546174, 0.05924684971103711, 0.008416606552050194, 0.030697931408844213, 0.028775695923401512, 0.02329342724013316, 0.009784496741205177, 0.009716684390544326, 0.022559080341451654, 0.010140853829197266, 0.01930557848685909, 0.04796009863274551, 0.0033284844498066004, 0.05118059567545337, 0.04879821753955403]
DDP_noAm L2Loss:[30865235811201, 4003120608400, 14016203167684, 116731861279504, 339240626532196, 18229962358336, 418352125580964, 47867751369, 2853312180625, 19848864996, 11580436224016, 321891680995600, 48810693196225, 16684292098881, 518972184083521, 210646965197124, 4005605962801, 94354666058689, 47736837364225, 17407920398400, 27807239388049, 46932898876081, 39873743768356, 18229962358336, 95874138073156, 1182809664, 13943390787225, 82340876401, 11316852586809, 57021376562500, 208972379839129, 291740416900, 21352097613889, 187502856256, 63841154684356, 299264915525625, 7622784161721, 9617044490496, 112135434717604, 2006528910400, 285919286085904, 119714616004, 6685642806921, 82447562244096, 20280251289600, 86939325663876, 50327687828401, 34998381579249, 8450672256016, 30005723151504, 198685460109889, 111736485020304, 1057501490485504, 221543398623556, 1400523132969, 36866099488516, 726510750736, 414378216863524, 31292601052441, 384796047855961, 22874747536, 5080331173681, 6736095969201, 1665521883601, 2441671882225, 78603030247225, 106046600239449, 676542440484, 2901761424, 259867199437609, 97983252025201, 157434586722436, 12600299096100, 349722837970884, 281315673664, 20726804128900, 7462326939076, 17657762068996, 196580503876, 432441705609, 183065689651329, 995604840000, 17816570857024, 920584599841, 147811784737369, 110504708942884, 133032141009936, 33742494351241, 28843709561956, 32724909683761, 73519066354276, 44164624048609, 32287840053121, 240766768588921, 81389952203044, 120109171681489, 2533820872804, 159641531914489, 8736115198864, 21346358924944]
DDP_noAm RE:[0.07530314174227536, 0.027119247442577762, 0.05074502703893799, 0.1464444783634211, 0.24965037602917575, 0.05787235855950519, 0.2772357842480733, 0.002965512845100041, 0.02289564809665045, 0.0019096163972025962, 0.04612546483075695, 0.2431829780942523, 0.09469690474910236, 0.05536460280145657, 0.30878083464384576, 0.19672334462603927, 0.027127664686183675, 0.13166186032116922, 0.09364942554481083, 0.05655249138821777, 0.07147550525860179, 0.09285749982030338, 0.0855897589172665, 0.05787235855950519, 0.13271775676906666, 0.00046616077631980246, 0.050613048454411766, 0.003889430708471262, 0.04559750982963946, 0.10235219127078705, 0.19593983614513774, 0.007321104329891105, 0.0626323301501559, 0.005869245019739927, 0.10830005144819896, 0.23448021236827607, 0.037422699104780736, 0.04203384406935586, 0.14353232894517529, 0.019199990197503097, 0.2291922993308454, 0.004689773676584642, 0.035046921931258336, 0.12307425224684493, 0.06104006145753505, 0.12638235097300693, 0.096157194857197, 0.08018668822818391, 0.0394025134160494, 0.07424724529437791, 0.1910562896592292, 0.14327677546539122, 0.44077686360247104, 0.20174728694007998, 0.016040704543079147, 0.08229849467831633, 0.01155312091942433, 0.2759159170767859, 0.07582267949978694, 0.2658848533815788, 0.0020500122253347347, 0.030550921063997604, 0.035178914070122094, 0.017492563853230326, 0.021179804508771764, 0.12017052007220504, 0.1395811175662439, 0.011148740813564682, 0.000730145054047311, 0.2185013020499946, 0.13416962963355536, 0.1700702579597813, 0.04811369638563153, 0.25347801251284935, 0.007189112191027351, 0.06170842584112221, 0.037026736242527, 0.05695687149407741, 0.006009640847872066, 0.008913373022511951, 0.1833925858939386, 0.01352451798708708, 0.057212424973861475, 0.013004993783913038, 0.16479074861161905, 0.14248484974088377, 0.1563351326761585, 0.07873482891803273, 0.07279538598422673, 0.07753852308766562, 0.11621930869327363, 0.09007734254092133, 0.07701898533015404, 0.21031806052719243, 0.12228232652233746, 0.14854785401561008, 0.021575767371025498, 0.17125814654654253, 0.04006244700169311, 0.06262391290654999]
DDP_1 L2Loss:[97598059163929, 77238698988025, 3334725211129, 66503780350225, 146851159022656, 271728668176, 64778223474064, 70533576074329, 46259722102500, 613985079184, 663143357464900, 2725289214025, 41245962979204, 16288908546304, 18564094280449, 150890661467536, 278091143884225, 79132926957561, 140317668100, 61070911484944, 14891564961, 346113392599129, 1897696349761, 4323496807204, 71693679052944, 51718779746929, 48267964675225, 105033474005056, 41614033399236, 80001522143449, 119057907985956, 4045596025, 187572691535524, 43135287520516, 11255602273969, 17739688846201, 2291884126609, 89857280158864, 97983252025201, 280348375370449, 6334664799376, 48139870464, 10862890892100, 72675914850289, 89488440387889, 193486597722916, 386732991518784, 169619861344761, 30427116502084, 290548217975625, 27595700491921, 5395139689536, 24999810000361, 2596200680529, 53831877154441, 725452510225, 102651993319824, 350110390070169, 21172495444164, 7356305487001, 20461663230849, 11186201998084, 81038920674244, 141025006406025, 241069065907201, 84046778296209, 83690057243529, 133271185730596, 23749949585664, 3737405298169, 49639239342144, 35693084948161, 66503780350225, 50189615998369, 15211918860516, 151864412995584, 170143718527225, 114623874712516, 127915851180121, 8736115198864, 56434636265401, 79479792540736, 12184588553449, 366676962713721, 54404962944784, 15594079736356, 59699234934784, 179690362201, 431625348324, 55134797928961, 5257436268100, 66821812640521, 29998920174129, 119285272129, 344304130928356, 97405766958096, 49219737799684, 107051738389561, 17986623852096, 124212585304900]
DDP_1 RE:[0.13390564535582786, 0.1191230408679135, 0.024751887512661275, 0.1105354192392517, 0.16425438992123317, 0.007065550850107041, 0.10909197717270643, 0.11383511427614532, 0.09218914899105374, 0.010620799366784724, 0.34904547169846867, 0.022376110339138878, 0.08705004902536113, 0.054704655661475324, 0.058400313560622676, 0.1664981749558918, 0.22603301367642145, 0.12057490017806469, 0.005077319295232461, 0.10592427427467656, 0.0016540493630810018, 0.25216656258516784, 0.018672035196385613, 0.02818356113408112, 0.11476744938312244, 0.09747706202848441, 0.09416896330232241, 0.13891276673699426, 0.08743759464400895, 0.1212348337637084, 0.14789633767357227, 0.0008621236385735355, 0.18563638448293476, 0.08902144609302388, 0.04547394848871915, 0.057088850078603634, 0.020519870923128052, 0.12848574017953343, 0.13416962963355536, 0.22694850074184922, 0.0341145868242812, 0.0029739300887059554, 0.04467360552060577, 0.115550957864024, 0.12822176945614347, 0.1885401031032371, 0.26655320421082845, 0.1765292386510989, 0.07476678305188948, 0.23104012150325032, 0.07120311729160589, 0.031483256170974735, 0.06777143011584852, 0.021839738094415476, 0.09944845909614716, 0.011544703675818415, 0.13732891528797933, 0.253618421895319, 0.06236835942676592, 0.03676276551913702, 0.06131246297886848, 0.04533353910624948, 0.12201834224460995, 0.16096311212794545, 0.21045005266605618, 0.12426214083360612, 0.12399815655587862, 0.15647552850429064, 0.06605560008230736, 0.026203746822812454, 0.09549724771721575, 0.08097861395269138, 0.1105354192392517, 0.09602520271833323, 0.052865250732676325, 0.16703454720061522, 0.1768016266180948, 0.14511618039419022, 0.15329940836265488, 0.04006244700169311, 0.10182423626966956, 0.12083887090145466, 0.04731335341751815, 0.25954944758551907, 0.09997641409726465, 0.05352518431832004, 0.10472796844430945, 0.005745670124482087, 0.008904955778906038, 0.10064476492651428, 0.031078876065115092, 0.1107994035169792, 0.074238828050772, 0.004681356432978728, 0.2515066154451866, 0.13377366677130165, 0.0950928676113561, 0.1402410511518876, 0.05748481294085737, 0.15106404057160214]
shuffle L2Loss:[1317708575765973.2, 312118803710601.1, 4748705610655.097, 1216736132298418.0, 75746156761600.77, 281723798757069.25, 10703507160173.568, 945074075844036.4, 60784701485522.61, 152259330426449.66, 27477827949306.36, 550121163134779.1, 174182845219821.5, 24015746174135.105, 327630320203465.06, 4956834579457.465, 991685014649620.6, 40541710230970.055, 48938282149206.125, 1946768571582855.0]
shuffle RE:[0.4920259203885626, 0.23946291398935293, 0.029536968489946067, 0.4727989449750561, 0.11796647366718031, 0.22750453811772425, 0.04434466191643508, 0.4166882185327071, 0.10567577471053241, 0.16725158957368838, 0.07105088571403614, 0.3179124035427999, 0.17888790847012603, 0.06642420092838947, 0.2453411176465326, 0.03017730894949752, 0.42684005928623925, 0.08630368285319404, 0.0948205906958307, 0.5980471973017268]
ARR L2Loss:[3.3495690403092326e+20, 3.175801070246461e+20, 3.3212646309565845e+20, 3.105813539141275e+20, 2.325373698309908e+21, 3.028855273342891e+20, 2.6770657068455474e+20, 2.3726264648476074e+21, 2.909334292943597e+20, 3.372910110024807e+20, 2.965685908791951e+20, 3.185415814617655e+20, 3.053711220130744e+20, 3.2992164391751654e+20, 2.7975644048349692e+20, 2.9479448877283013e+20, 3.2279437258369984e+20, 1.315170347627788e+22, 2.980243155044572e+20, 1.303453830789168e+22]
ARR RE:[248.06915259946348, 241.5488318763978, 247.0188164418944, 238.87240694227484, 653.6190090722648, 235.89435989917422, 221.77256097045353, 660.2265447566831, 231.19322825958292, 248.9319721489644, 233.42150940011703, 241.91420034336556, 236.8603019721711, 246.19753482055748, 226.70878163969053, 232.72228706076146, 243.5237224436534, 1554.423310728057, 233.99368981805338, 1547.4838404589095]
